	A1	A2	A3	A4	A5	B1	B2	B3	B4	B5	B6
gene_1	2	60	143	47	74	6	16	8	3	48	10
gene_2	407	2	4	66	62	2	5	3	9	22	20
gene_3	94	55	100	87	82	23	9	14	14	17	9
gene_4	33	45	20	40	41	16	17	19	7	18	9
gene_5	6	4	2	2	2	0	1	0	0	0	3
gene_6	447	136	331	150	283	115	94	52	100	49	184
gene_7	512	2432	2633	2708	3541	1146	970	434	378	552	103
gene_8	264	261	286	454	191	87	67	61	73	57	73
gene_9	45	74	52	55	64	20	12	17	13	14	7
gene_10	167	124	332	99	82	21	70	77	53	53	51
gene_11	69	100	80	83	52	14	28	19	20	24	19
gene_12	449	547	572	641	685	115	123	150	266	122	147
gene_13	226	189	193	159	187	106	95	93	96	37	75
gene_14	83	6	0	1	1	6	7	2	15	1	1
gene_15	282	196	206	224	258	37	54	38	69	52	70
gene_16	605	382	378	574	685	100	70	123	65	64	122
gene_17	789	821	1844	556	986	238	170	332	316	225	238
gene_18	93	155	92	145	156	19	21	31	25	19	23
gene_19	24	16	23	21	33	7	6	3	14	6	4
gene_20	1	2	15	0	0	5	0	0	3	0	2
gene_21	28	2	0	1	22	17	5	0	0	0	1
gene_22	88	64	112	55	67	16	10	7	21	19	15
gene_23	1012	841	801	751	874	154	183	276	229	207	272
gene_24	9	7	6	2	12	1	0	13	1	8	1
gene_25	25	10	8	6	17	0	3	7	0	3	2
gene_26	308	286	251	263	288	82	58	73	57	58	57
gene_27	60	2	19	32	32	1	0	2	5	22	1
gene_28	190	176	215	128	178	30	59	21	39	19	42
gene_29	0	0	2	8	14	1	2	1	3	3	1
gene_30	125	66	17	22	59	35	37	65	15	33	24
gene_31	529	840	986	799	400	189	374	171	568	148	180
gene_32	371	201	423	108	111	47	70	28	45	90	49
gene_33	33	11	1	13	3	0	0	0	0	4	0
gene_34	133	168	142	126	112	36	42	45	35	31	26
gene_35	64	112	56	56	63	23	19	17	16	9	22
gene_36	18	2	30	27	113	2	2	1	14	31	21
gene_37	307	101	52	220	517	33	18	48	81	22	62
gene_38	505	404	106	281	754	173	134	18	53	24	88
gene_39	561	389	1480	698	986	513	65	13	121	131	154
gene_40	1413	1253	1284	1245	1471	372	274	411	390	315	327
gene_41	63	85	69	20	78	22	15	18	48	26	1
gene_42	2005	1968	1971	1577	1188	459	553	550	260	109	498
gene_43	35	30	72	93	50	27	4	9	15	13	9
gene_44	180	92	291	270	311	42	13	35	50	89	29
gene_45	110	107	116	99	171	41	34	35	28	37	19
gene_46	289	181	213	284	289	66	56	50	59	57	57
gene_47	9	0	7	71	5	0	3	3	0	0	0
gene_48	526	660	500	443	477	68	66	115	86	51	33
gene_49	0	1	3	55	17	6	20	1	1	0	1
gene_50	4	4	1	1	12	5	3	2	0	3	15
gene_51	253	1	2	0	341	11	13	6	17	0	1
gene_52	45	48	47	40	50	14	12	13	5	11	23
gene_53	4	0	1	2	0	0	0	0	0	0	0
gene_54	0	66	80	67	0	0	2	1	12	11	3
gene_55	212	271	96	38	101	46	31	14	45	21	28
gene_56	217	105	129	175	111	16	28	43	39	31	34
gene_57	5531	6061	4875	7372	4551	1655	1614	1244	1467	1353	1342
gene_58	13	5	18	6	82	22	11	5	2	11	7
gene_59	10	11	0	7	9	1	2	7	1	0	2
gene_60	86	49	102	30	91	32	13	35	20	13	10
gene_61	3	1	4	1	4	0	0	0	1	0	1
gene_62	79	140	103	81	119	19	15	27	19	20	20
gene_63	3820	3457	3069	4037	2715	712	1071	854	783	988	799
gene_64	29	18	6	6	4	1	4	7	3	1	2
gene_65	102	60	88	81	28	22	18	20	23	17	23
gene_66	376	332	398	291	349	85	94	98	100	84	105
gene_67	18	39	90	10	29	29	30	5	17	3	32
gene_68	83	125	96	25	79	7	2	9	58	10	8
gene_69	71	98	8	24	47	13	0	10	19	21	18
gene_70	166	132	183	264	84	51	67	47	28	28	37
gene_71	15	8	16	16	7	3	6	24	3	1	21
gene_72	13	13	16	4	4	0	1	0	0	10	0
gene_73	8	68	0	133	0	0	0	8	6	0	0
gene_74	34	34	43	35	34	9	8	7	9	11	8
gene_75	534	507	591	472	396	126	65	136	99	102	102
gene_76	232	242	111	246	312	67	115	111	88	42	78
gene_77	4	0	15	3	5	1	3	0	1	0	0
gene_78	216	41	214	84	146	33	41	69	49	36	34
gene_79	23	0	3	35	0	4	0	9	5	0	5
gene_80	473	590	697	490	451	179	104	185	157	150	138
gene_81	96	433	192	99	434	23	60	56	9	65	80
gene_82	120	213	236	240	324	32	51	46	35	59	53
gene_83	10435	11764	12512	9346	10147	2181	2384	2821	2681	2513	2310
gene_84	2	0	3	4	0	0	0	0	1	0	0
gene_85	119	296	149	75	99	36	32	43	35	35	38
gene_86	49	61	44	40	30	15	13	16	16	10	5
gene_87	2	55	21	0	40	2	29	2	0	0	1
gene_88	3139	4197	4190	4356	4331	916	1201	1029	953	659	1082
gene_89	29	43	46	10	43	11	12	7	18	3	11
gene_90	0	0	6	1	12	4	2	3	4	0	1
gene_91	17	7	0	1	0	0	0	1	1	0	3
gene_92	41	21	29	34	24	4	14	11	8	8	2
gene_93	51	60	66	66	68	15	10	22	17	21	12
gene_94	13	11	1	79	32	0	3	0	0	2	5
gene_95	26	78	47	23	88	5	12	4	17	13	18
gene_96	3	3	16	6	4	0	1	0	2	0	0
gene_97	23	22	24	12	16	5	6	5	8	4	6
gene_98	479	410	350	662	334	158	128	157	74	173	140
gene_99	92	99	148	33	32	7	4	22	25	22	21
gene_100	779	789	679	704	882	195	237	131	190	163	171
gene_101	1786	1336	2028	1025	1556	416	145	731	676	795	700
gene_102	315	381	356	345	305	82	81	64	62	76	101
gene_103	156	165	250	363	335	20	51	49	60	57	88
gene_104	3	0	11	2	4	0	0	15	1	0	0
gene_105	52	12	47	1	88	26	9	8	7	10	19
gene_106	75	115	109	71	70	40	25	16	31	11	42
gene_107	394	717	488	679	677	202	158	140	200	184	149
gene_108	3	3	6	0	0	0	1	0	2	0	0
gene_109	51	35	56	55	48	7	7	16	11	10	6
gene_110	184	198	136	96	253	61	66	30	67	46	58
gene_111	162	252	240	190	251	71	64	64	45	70	71
gene_112	4	7	9	0	12	0	0	3	1	0	0
gene_113	124	112	115	120	96	30	21	19	19	26	29
gene_114	3	8	4	7	10	3	2	1	3	1	0
gene_115	9	11	9	1	1	1	3	2	1	1	0
gene_116	18	15	28	43	1	4	10	0	5	0	4
gene_117	29	85	61	61	57	18	1	12	2	10	10
gene_118	598	844	592	552	588	195	210	213	224	187	213
gene_119	744	660	437	766	602	102	350	50	104	187	164
gene_120	51	0	41	12	16	0	5	1	2	1	16
gene_121	9121	9631	5749	9879	8524	2630	1470	1333	1785	2896	2435
gene_122	280	128	355	364	256	56	63	84	77	61	77
gene_123	58	23	7	7	26	7	19	20	4	5	8
gene_124	14	28	46	8	31	4	9	13	7	7	17
gene_125	48	70	100	92	90	19	19	18	15	25	30
gene_126	130	434	246	253	290	28	53	103	24	93	43
gene_127	159	136	127	170	181	43	57	47	41	29	36
gene_128	14	14	13	5	0	7	1	17	6	0	1
gene_129	492	609	637	605	536	134	108	154	175	98	123
gene_130	9	18	11	11	17	2	0	0	5	3	2
gene_131	327	370	486	520	408	103	73	113	46	135	76
gene_132	11	0	0	4	13	3	0	1	1	0	0
gene_133	22	21	0	1	3	0	2	0	0	1	0
gene_134	345	496	304	432	283	67	126	75	72	49	52
gene_135	195	204	291	254	528	59	134	84	73	81	125
gene_136	406	249	211	210	181	30	31	43	39	37	49
gene_137	172	152	130	118	136	35	40	40	42	32	38
gene_138	43	260	13	556	117	120	0	0	4	28	49
gene_139	1	26	0	0	27	0	4	0	1	0	0
gene_140	417	414	411	415	430	109	118	117	110	109	101
gene_141	20	33	37	37	22	15	5	11	11	6	9
gene_142	40	0	0	1	1	2	0	3	1	2	0
gene_143	116	176	70	103	104	13	18	18	32	2	3
gene_144	17	11	61	17	2	1	0	0	1	8	6
gene_145	3	1	3	40	47	136	3	77	4	41	27
gene_146	501	626	750	970	686	307	232	130	227	279	223
gene_147	242	200	252	335	247	49	72	57	64	43	76
gene_148	57	26	69	34	53	15	8	21	3	30	4
gene_149	106	92	121	195	96	10	51	21	14	38	18
gene_150	76	51	11	5	53	16	21	3	3	15	9
gene_151	883	879	929	915	868	251	232	265	216	197	205
gene_152	366	347	319	373	345	65	85	86	89	100	111
gene_153	249	332	291	244	276	53	94	67	68	93	61
gene_154	0	9	17	25	10	0	3	6	10	0	1
gene_155	11	25	22	0	2	0	0	1	1	0	0
gene_156	23	27	25	30	59	4	17	7	5	14	5
gene_157	0	68	27	43	59	0	7	8	22	0	3
gene_158	467	263	215	237	676	64	96	115	61	76	80
gene_159	15	17	22	11	19	10	9	11	8	2	8
gene_160	14	7	32	2	44	1	2	2	4	6	5
gene_161	201	155	215	208	190	52	15	27	26	42	41
gene_162	587	796	919	632	697	212	185	177	189	181	230
gene_163	60	179	86	42	96	5	11	10	3	19	15
gene_164	107	34	15	7	10	10	29	0	0	23	25
gene_165	113	142	178	110	74	30	30	25	36	23	27
gene_166	5	21	4	2	3	2	3	0	3	3	2
gene_167	213	283	442	116	337	72	67	79	70	110	54
gene_168	390	205	243	361	210	85	79	78	98	46	53
gene_169	125	208	129	90	64	30	33	41	48	8	36
gene_170	2534	2491	2335	2314	2144	572	615	556	556	591	520
gene_171	271	666	419	372	396	200	147	94	84	48	17
gene_172	13	4	16	62	24	3	5	2	1	1	3
gene_173	4072	1733	11898	2027	4223	1144	382	938	1906	1190	768
gene_174	101	27	39	59	62	7	1	14	14	14	9
gene_175	32	72	103	70	107	21	19	10	48	20	27
gene_176	2005	3359	3040	3095	3509	1447	1021	801	548	1260	694
gene_177	13	28	15	22	17	8	4	4	6	7	5
gene_178	11	37	34	32	8	1	4	6	6	7	11
gene_179	61	59	67	56	90	13	43	12	30	17	16
gene_180	265	105	154	246	254	26	64	41	61	37	33
gene_181	474	242	514	465	375	145	215	46	193	142	124
gene_182	0	1	0	0	0	3	0	1	1	0	1
gene_183	0	1	0	0	2	0	0	1	1	2	1
gene_184	14	8	12	49	12	1	10	15	3	5	2
gene_185	713	1215	886	900	916	177	166	147	167	83	160
gene_186	77	34	76	113	126	27	25	22	19	9	32
gene_187	376	402	442	438	408	98	95	102	119	108	115
gene_188	0	43	0	0	10	0	38	5	0	0	9
gene_189	77	89	83	78	94	14	15	16	13	27	25
gene_190	791	848	567	666	780	135	196	127	299	227	233
gene_191	158	284	167	342	158	57	33	111	48	37	42
gene_192	69	158	91	142	157	40	33	43	30	24	42
gene_193	66	85	124	139	92	21	32	13	28	22	34
gene_194	27	30	34	30	27	8	2	2	3	8	1
gene_195	146	149	125	101	113	49	33	37	39	29	25
gene_196	328	150	287	276	206	56	86	64	79	61	40
gene_197	141	163	38	76	135	9	45	98	23	45	34
gene_198	0	70	30	56	6	1	4	1	0	17	1
gene_199	8	6	4	2	16	3	3	0	5	8	1
gene_200	241	266	287	267	273	47	46	68	57	75	85
gene_201	297	265	423	324	394	71	93	98	73	83	74
gene_202	38	73	28	44	24	16	13	8	19	7	13
gene_203	30	34	10	21	9	5	6	11	13	10	3
gene_204	73	120	113	102	98	32	19	30	21	18	19
gene_205	1	2	3	1	2	1	0	0	0	1	0
gene_206	2	14	21	15	0	1	0	1	1	2	6
gene_207	12	2	1	1	2	0	0	2	0	1	0
gene_208	52	50	67	107	39	11	17	14	14	13	23
gene_209	101	6	64	56	15	4	2	1	0	2	0
gene_210	15	6	11	19	26	1	4	7	4	1	3
gene_211	55	73	169	151	166	18	22	33	22	25	23
gene_212	3	89	38	4	46	23	0	5	4	1	16
gene_213	56	43	285	148	521	41	28	23	71	27	35
gene_214	103	113	27	91	75	6	5	6	14	16	27
gene_215	175	166	295	202	193	42	28	43	28	42	47
gene_216	236	230	466	349	282	77	184	61	86	120	61
gene_217	197	125	173	134	234	29	25	38	33	50	26
gene_218	2	0	6	0	0	4	0	0	0	2	0
gene_219	887	753	524	731	651	170	287	148	221	170	225
gene_220	3	3	0	0	16	6	0	1	0	0	0
gene_221	0	27	1	3	0	0	4	0	0	2	1
gene_222	317	269	255	216	246	75	56	92	56	55	52
gene_223	1	2	1	6	0	0	1	0	0	0	0
gene_224	308	361	274	249	186	68	55	47	76	72	73
gene_225	49	33	28	39	28	19	4	9	19	8	9
gene_226	57	51	52	49	63	11	11	21	23	13	21
gene_227	248	221	257	236	203	62	71	55	44	35	70
gene_228	24	20	20	34	25	2	12	5	13	1	0
gene_229	27	6	1	3	0	9	3	1	8	4	1
gene_230	1	0	2	8	7	0	0	2	0	3	0
gene_231	185	156	167	182	183	70	46	43	73	41	47
gene_232	79	37	28	0	9	0	58	41	5	9	0
gene_233	293	324	317	337	322	78	66	70	79	75	76
gene_234	126	41	286	213	144	43	78	17	19	62	40
gene_235	220	79	92	140	57	57	81	17	30	30	57
gene_236	112	20	153	44	121	32	35	48	10	48	31
gene_237	477	576	456	651	576	132	158	134	155	168	155
gene_238	11458	12538	7244	7198	7202	3103	1804	1781	2154	2368	2205
gene_239	89	30	39	130	253	30	10	9	25	10	22
gene_240	10	4	18	1	7	4	0	3	5	0	2
gene_241	96	93	76	38	46	15	9	20	19	19	13
gene_242	5	18	0	0	17	1	12	0	0	0	0
gene_243	104	365	177	63	126	54	81	11	45	74	94
gene_244	7	189	1217	13	34	2	4	44	13	81	8
gene_245	284	179	226	418	245	55	23	37	24	61	57
gene_246	36	64	27	46	17	17	25	4	11	9	12
gene_247	2386	1873	1694	3415	2280	1168	861	589	531	519	691
gene_248	8	19	16	7	0	0	2	5	0	16	1
gene_249	201	160	153	258	134	101	57	79	42	38	9
gene_250	687	462	602	544	371	152	121	98	106	129	161
gene_251	0	0	4	2	0	0	2	0	1	0	0
gene_252	0	0	8	31	13	12	24	1	0	0	0
gene_253	29	5	13	5	9	8	7	16	2	2	1
gene_254	472	45	64	106	208	13	45	3	18	25	59
gene_255	1	4	0	16	0	0	3	5	0	0	0
gene_256	9	52	1	25	2	11	3	1	9	2	3
gene_257	3	36	16	36	9	23	0	1	3	2	6
gene_258	1	5	7	1	0	1	0	0	0	0	0
gene_259	0	5	2	1	3	0	0	0	0	0	0
gene_260	1428	1582	1864	830	2383	360	454	499	190	314	347
gene_261	240	239	273	252	277	47	54	73	87	73	65
gene_262	260	219	213	222	202	52	67	53	57	59	53
gene_263	38	0	1	17	137	1	17	1	0	2	2
gene_264	91	97	106	279	239	30	12	19	7	21	53
gene_265	155	175	237	247	242	82	60	48	28	35	37
gene_266	10	23	16	5	20	4	0	6	0	3	0
gene_267	107	63	132	223	383	21	18	18	15	30	27
gene_268	3	4	5	2	0	1	0	0	2	2	1
gene_269	293	204	558	252	314	82	128	114	81	79	40
gene_270	61	42	49	53	48	14	19	3	15	13	10
gene_271	43	2	8	1	7	5	0	1	0	2	4
gene_272	6	4	4	7	13	1	0	5	3	5	0
gene_273	8	11	5	132	7	2	1	3	9	5	0
gene_274	0	10	7	12	4	5	0	0	0	7	1
gene_275	893	977	870	906	839	227	221	220	203	216	223
gene_276	361	503	470	218	281	86	117	102	68	65	141
gene_277	231	187	163	195	175	41	45	40	39	50	48
gene_278	82	56	59	21	37	6	15	12	31	10	13
gene_279	7	75	5	12	13	2	3	8	22	0	2
gene_280	1	5	0	13	9	2	3	0	3	1	1
gene_281	202	132	121	84	126	31	31	4	8	76	20
gene_282	365	422	485	441	442	85	107	117	95	75	105
gene_283	17	136	2	0	30	24	9	103	78	10	13
gene_284	122	81	61	59	24	19	17	6	6	7	5
gene_285	171	177	139	120	162	20	29	67	29	29	19
gene_286	546	411	607	568	347	53	92	195	74	131	92
gene_287	16	0	0	0	57	5	6	0	0	0	0
gene_288	2	0	0	0	7	0	1	2	0	0	0
gene_289	306	219	271	217	232	48	42	55	41	64	31
gene_290	136	86	179	91	99	18	33	11	50	17	14
gene_291	1692	1865	1939	2208	2211	816	553	674	637	665	512
gene_292	291	302	445	159	182	89	43	59	45	134	56
gene_293	382	479	383	232	373	101	99	108	98	112	70
gene_294	393	435	340	409	426	93	81	106	94	113	123
gene_295	8	25	0	21	10	1	2	7	3	2	5
gene_296	1	0	0	1	1	0	0	0	0	0	0
gene_297	4	1	0	2	6	0	0	0	0	2	1
gene_298	90	65	36	76	37	17	21	24	8	5	19
gene_299	430	200	311	351	208	68	38	74	59	60	64
gene_300	27	48	73	40	104	31	14	26	30	7	19
gene_301	128	78	191	156	96	34	27	38	13	18	26
gene_302	514	147	380	344	377	86	118	33	149	76	81
gene_303	35	33	15	26	4	2	7	1	11	8	8
gene_304	7	2	6	4	3	1	1	2	2	1	2
gene_305	259	197	278	266	226	65	63	53	67	74	60
gene_306	29	16	24	22	23	6	8	5	4	4	5
gene_307	155	227	138	162	176	35	23	50	62	62	34
gene_308	2	5	0	0	7	1	1	9	0	2	0
gene_309	6	1	6	1	2	5	0	0	1	0	0
gene_310	5	142	14	11	175	2	7	2	2	3	34
gene_311	868	485	167	307	491	180	55	231	116	213	166
gene_312	485	500	530	349	349	114	113	103	78	113	111
gene_313	17	51	8	8	11	4	7	7	0	3	8
gene_314	4	2	4	2	0	0	0	0	0	0	0
gene_315	250	256	268	245	208	72	76	78	65	85	74
gene_316	1623	2657	2059	2096	2085	513	564	522	477	472	513
gene_317	490	1210	825	709	1795	214	433	272	287	487	274
gene_318	7	1	0	14	0	1	2	0	0	0	2
gene_319	72	41	91	77	204	22	29	26	27	28	8
gene_320	660	2022	1210	866	1053	181	185	190	183	118	347
gene_321	201	209	223	293	135	44	27	20	46	40	75
gene_322	118	128	239	95	128	36	34	89	46	17	86
gene_323	595	674	457	777	425	120	145	141	146	144	147
gene_324	34	16	34	17	29	15	3	10	10	0	6
gene_325	146	154	135	105	109	26	36	34	31	26	33
gene_326	70	15	2	35	10	8	8	8	2	6	11
gene_327	330	293	315	434	283	71	93	83	87	99	76
gene_328	168	122	145	137	131	21	31	25	40	31	25
gene_329	401	383	481	389	386	117	87	119	102	97	92
gene_330	1	2	6	0	2	0	0	2	3	2	1
gene_331	0	1	1	29	25	6	17	0	0	0	3
gene_332	96	488	375	2100	355	12	39	12	96	229	260
gene_333	102	107	158	116	40	29	107	60	24	39	81
gene_334	1011	792	1726	999	1420	231	313	272	230	329	245
gene_335	98	68	72	81	107	17	16	12	22	30	14
gene_336	2	2	0	0	1	0	1	0	0	1	0
gene_337	4	8	10	14	1	1	0	4	0	1	8
gene_338	0	11	68	71	36	4	8	18	6	22	16
gene_339	144	74	71	89	47	10	28	32	15	48	23
gene_340	23	41	2	64	0	0	10	17	7	2	2
gene_341	64	48	99	29	48	19	7	11	15	22	12
gene_342	42	11	54	50	47	17	11	10	8	5	15
gene_343	3	78	5	56	137	0	1	5	9	16	19
gene_344	132	198	152	147	122	26	21	13	20	20	6
gene_345	17	0	5	0	21	0	0	0	0	0	9
gene_346	25	0	0	0	12	11	12	0	1	0	5
gene_347	70	87	45	32	120	17	4	24	38	6	13
gene_348	25	43	34	32	49	6	5	10	4	1	9
gene_349	34	15	9	7	0	0	0	1	2	4	2
gene_350	694	803	791	644	851	210	215	197	156	227	164
gene_351	16	27	18	5	22	1	3	11	3	10	5
gene_352	48	35	31	35	45	13	15	14	8	11	8
gene_353	1647	2700	1154	2944	513	474	369	576	544	486	160
gene_354	48	74	54	53	95	18	24	18	14	19	16
gene_355	5624	4703	3084	4385	4314	1052	1056	1491	1953	1426	917
gene_356	39	107	65	65	67	33	25	20	14	9	28
gene_357	211	236	332	189	279	46	53	83	69	60	70
gene_358	1	3	4	4	2	0	1	0	3	0	0
gene_359	4	0	1	1	0	0	1	1	1	2	0
gene_360	10	5	0	0	7	11	1	0	0	5	5
gene_361	74	42	69	73	45	563	417	517	636	482	556
gene_362	7	13	25	0	20	59	122	88	61	129	145
gene_363	2	6	4	4	5	25	87	0	51	48	17
gene_364	137	282	62	896	620	244	2982	767	1749	4878	6912
gene_365	14	4	6	12	6	31	39	99	63	89	53
gene_366	52	81	99	81	76	607	947	967	997	908	783
gene_367	39	18	18	34	56	274	424	235	587	193	309
gene_368	42	48	38	45	32	367	370	337	330	352	346
gene_369	27	37	40	28	24	287	234	224	353	404	235
gene_370	123	214	122	158	134	1518	1109	473	1548	1167	1206
gene_371	62	48	43	46	42	428	400	454	382	312	379
gene_372	24	13	16	20	30	153	246	90	227	141	213
gene_373	11	18	20	9	8	237	79	149	13	73	88
gene_374	818	759	606	760	812	7296	8732	7564	6940	4979	6519
gene_375	47	22	23	46	37	299	224	700	235	285	135
gene_376	10	57	125	119	12	371	427	668	1261	241	751
gene_377	0	0	0	1	0	15	2	11	14	2	0
gene_378	44	55	45	59	73	409	616	345	377	419	512
gene_379	9	1	6	0	0	148	18	5	24	68	4
gene_380	257	241	246	253	258	2250	2249	2244	2259	2275	2240
gene_381	0	0	0	0	0	3	2	0	1	2	1
gene_382	8	4	31	2	31	3	143	155	68	69	238
gene_383	1	4	13	16	8	59	6	87	22	21	0
gene_384	34	41	40	27	44	245	217	283	443	665	232
gene_385	144	138	133	142	181	1527	1331	1413	1740	1687	1551
gene_386	156	55	185	293	143	2852	756	1952	683	2459	1819
gene_387	3	21	13	3	2	21	55	87	56	12	101
gene_388	10	8	17	6	10	119	85	159	118	112	83
gene_389	105	91	115	80	132	1546	812	484	1019	708	604
gene_390	8	6	7	5	10	65	58	54	43	58	40
gene_391	29	42	54	29	45	380	334	309	310	420	360
gene_392	36	28	38	47	21	228	512	340	447	274	428
gene_393	56	135	90	59	291	852	1934	589	1797	2007	1028
gene_394	11	9	16	12	9	60	159	45	110	172	42
gene_395	351	607	1414	627	244	9787	1880	3143	4089	11919	3890
gene_396	4	4	0	9	7	47	39	15	68	24	18
gene_397	36	34	20	27	31	416	269	255	354	383	329
gene_398	9	1	1	25	3	86	161	165	58	146	79
gene_399	24	25	40	25	28	229	264	170	220	215	283
gene_400	241	360	202	386	294	2825	2534	2520	2718	2743	3159
gene_401	0	0	0	34	61	66	3	38	8	1	15
gene_402	5	1	0	10	1	5	10	0	1	0	0
gene_403	2	13	14	3	14	8	8	1	22	8	6
gene_404	1	1	0	0	0	0	0	0	0	1	1
gene_405	18	9	27	26	84	29	49	18	27	34	39
gene_406	10	2	4	0	0	11	0	13	3	19	2
gene_407	2	0	10	0	0	0	0	1	0	7	0
gene_408	0	1	0	3	0	1	3	0	1	2	0
gene_409	17	81	81	22	55	72	89	66	90	15	55
gene_410	71	159	96	100	14	175	106	143	71	129	122
gene_411	1	0	0	0	0	0	0	2	1	1	2
gene_412	25	55	4	88	14	93	33	0	73	15	40
gene_413	376	355	388	326	257	241	198	293	227	274	329
gene_414	2	6	136	16	55	52	149	9	2	0	45
gene_415	23	6	16	4	21	3	9	6	8	6	7
gene_416	0	0	1	6	0	1	3	1	2	0	0
gene_417	365	282	414	319	303	294	538	244	524	301	328
gene_418	12	74	7	5	11	13	8	10	10	32	37
gene_419	94	72	83	99	85	93	90	79	103	67	73
gene_420	10	16	13	6	7	12	14	16	19	11	7
gene_421	1	0	0	0	0	1	0	0	0	0	0
gene_422	1	3	5	4	4	1	8	6	1	6	6
gene_423	42	49	57	125	89	105	76	87	111	93	98
gene_424	117	133	67	143	96	108	102	134	108	87	219
gene_425	150	229	235	278	234	220	202	284	241	241	167
gene_426	10	28	0	64	2	7	3	9	0	1	2
gene_427	31	110	17	54	11	4	33	18	46	16	70
gene_428	0	3	2	1	1	0	1	0	0	0	2
gene_429	6	10	42	39	8	8	10	19	22	18	15
gene_430	2	5	0	2	3	1	3	3	5	2	2
gene_431	98	103	93	82	119	89	122	106	96	109	93
gene_432	31	42	35	34	44	24	35	38	46	37	36
gene_433	0	1	1	3	0	6	0	0	0	0	2
gene_434	0	0	1	0	2	1	3	23	0	0	25
gene_435	52	94	78	55	66	84	38	64	78	98	82
gene_436	4	0	4	2	4	4	0	6	3	2	4
gene_437	38	34	47	44	22	48	48	42	42	29	33
gene_438	136	160	74	142	194	193	194	107	122	175	147
gene_439	5	1	4	0	3	4	2	2	4	1	7
gene_440	5	7	3	4	3	6	6	3	3	5	4
gene_441	1	4	8	0	3	6	1	5	1	2	1
gene_442	23	22	15	19	25	18	28	22	20	21	26
gene_443	66	119	98	133	78	75	141	131	90	77	94
gene_444	182	217	150	188	99	120	139	166	198	111	220
gene_445	311	286	339	334	334	350	357	264	348	310	300
gene_446	6	16	7	8	14	14	12	1	7	8	2
gene_447	10	8	0	9	9	2	1	4	2	1	1
gene_448	0	0	0	21	19	5	13	11	9	7	13
gene_449	0	8	0	0	2	0	2	14	2	4	0
gene_450	10	18	33	59	27	21	36	26	28	33	45
gene_451	0	0	0	2	1	1	2	6	2	1	1
gene_452	40	40	33	46	37	36	30	33	40	42	36
gene_453	0	5	3	0	0	4	0	1	9	4	4
gene_454	159	208	94	89	56	157	141	81	237	40	44
gene_455	14	9	6	13	7	10	13	10	9	10	12
gene_456	176	235	317	163	133	319	160	404	314	179	258
gene_457	4	6	4	23	16	2	8	4	13	15	15
gene_458	3	2	4	14	2	7	2	9	4	11	11
gene_459	1	5	20	24	7	18	24	53	11	14	18
gene_460	13	15	15	7	20	5	9	16	22	24	14
gene_461	429	637	421	372	448	553	520	395	446	454	602
gene_462	1	1	3	2	2	7	0	4	2	2	4
gene_463	0	0	0	7	2	0	0	1	0	2	0
gene_464	2723	2040	1411	1585	1286	911	2365	2234	3133	2018	2290
gene_465	226	238	222	214	203	198	216	208	211	182	220
gene_466	14	19	21	17	16	8	13	17	17	16	22
gene_467	0	8	12	3	15	2	11	2	0	5	2
gene_468	32	81	39	65	58	113	46	67	94	95	42
gene_469	17	13	11	14	13	12	19	12	16	19	10
gene_470	1	0	0	1	0	2	4	2	2	0	8
gene_471	4	1	11	0	10	2	3	0	2	4	2
gene_472	96	151	132	145	60	159	91	112	153	79	57
gene_473	450	422	374	620	364	571	478	506	591	458	274
gene_474	133	32	144	196	27	54	45	148	73	74	39
gene_475	39	54	54	57	78	48	55	48	72	67	72
gene_476	4	5	6	2	4	8	2	3	1	4	2
gene_477	86	74	79	65	43	84	47	56	72	56	64
gene_478	12	6	9	12	12	7	4	6	7	14	3
gene_479	30	29	21	34	34	36	39	25	37	26	38
gene_480	3	2	4	0	0	0	2	7	0	0	2
gene_481	56	74	100	60	90	72	64	74	83	77	71
gene_482	2	11	6	9	9	4	1	5	8	3	3
gene_483	0	0	1	0	1	0	2	0	0	0	0
gene_484	27	36	74	83	48	67	30	44	52	22	39
gene_485	23	21	33	53	22	22	44	59	50	59	26
gene_486	0	20	0	0	3	1	0	1	0	0	4
gene_487	42	171	139	34	129	151	80	83	96	134	104
gene_488	565	454	649	358	460	341	686	154	400	562	495
gene_489	400	294	394	351	352	221	201	360	386	382	291
gene_490	54	46	69	49	40	46	56	52	55	47	55
gene_491	11	7	50	0	1	5	10	0	9	7	18
gene_492	1	0	0	4	0	0	0	0	12	11	0
gene_493	236	274	212	184	222	151	148	152	171	174	267
gene_494	6	3	27	16	39	6	33	3	4	24	51
gene_495	226	180	197	173	200	211	147	163	202	180	165
gene_496	6	7	14	12	62	38	5	12	49	12	28
gene_497	43	33	46	57	38	13	38	51	35	20	19
gene_498	211	173	287	181	296	292	205	220	150	134	152
gene_499	9	6	2	4	2	11	6	7	4	5	4
gene_500	211	426	377	228	470	456	334	181	780	218	580
gene_501	68	35	145	55	37	54	54	58	56	75	51
gene_502	16	11	18	15	7	21	6	9	18	11	13
gene_503	48	74	92	123	110	92	117	96	125	54	77
gene_504	34	48	63	26	31	39	43	33	46	51	43
gene_505	24	44	26	37	34	45	39	47	47	41	39
gene_506	2	2	2	0	1	4	4	0	1	1	1
gene_507	29	24	21	20	27	24	15	19	27	25	30
gene_508	136	107	106	87	92	170	156	101	128	193	91
gene_509	0	2	0	0	0	2	0	0	0	0	0
gene_510	84	79	87	88	95	86	89	96	70	94	72
gene_511	0	5	0	1	0	0	0	1	9	0	0
gene_512	9	21	34	46	11	29	35	21	73	3	12
gene_513	58	42	72	124	57	127	134	100	104	116	124
gene_514	111	119	133	146	140	93	68	123	87	118	57
gene_515	34	1	7	0	27	0	52	16	59	4	68
gene_516	9	8	2	11	8	23	10	16	13	11	10
gene_517	12	7	10	8	9	11	8	4	11	4	4
gene_518	3904	4235	3369	5266	4372	4775	2519	3412	3884	3376	2986
gene_519	0	3	0	1	0	1	0	0	0	1	0
gene_520	48	10	31	29	36	42	25	27	13	52	42
gene_521	3	4	2	17	14	10	2	1	13	6	4
gene_522	10	14	11	10	9	9	7	18	8	6	15
gene_523	5	8	7	8	16	10	5	4	3	18	29
gene_524	2	1	0	0	0	0	0	2	0	0	2
gene_525	13	22	30	27	12	27	17	32	25	14	28
gene_526	150	153	163	187	233	178	158	203	212	95	186
gene_527	2	0	2	1	4	2	1	0	1	0	0
gene_528	2	10	2	4	9	22	23	3	0	1	1
gene_529	33	39	45	44	46	36	49	42	30	52	38
gene_530	7	7	4	15	3	2	4	15	5	9	5
gene_531	5	10	6	1	6	3	2	3	14	4	5
gene_532	35	44	21	31	23	44	31	43	34	48	34
gene_533	6	3	7	4	2	4	7	1	0	1	2
gene_534	5	12	2	4	1	0	1	0	0	5	2
gene_535	84	58	38	151	263	166	53	8	69	141	48
gene_536	18	19	23	23	10	12	27	19	41	24	10
gene_537	13	16	8	8	16	2	24	14	11	8	3
gene_538	0	7	16	0	0	1	10	10	0	1	15
gene_539	14	47	11	39	20	24	14	25	8	8	20
gene_540	50	54	64	82	36	80	57	57	74	58	44
gene_541	0	1	5	0	7	0	0	3	1	0	1
gene_542	5	1	17	6	11	5	10	10	19	0	30
gene_543	54	47	8	19	60	14	10	23	28	53	56
gene_544	179	525	454	440	116	897	385	433	264	542	561
gene_545	6	1	1	0	1	1	0	2	2	2	0
gene_546	63	475	171	270	103	58	184	247	165	175	47
gene_547	0	5	5	6	6	7	12	8	6	11	5
gene_548	354	363	374	363	318	373	377	364	334	318	397
gene_549	181	155	173	221	235	202	145	178	157	141	216
gene_550	1	0	0	0	3	0	2	0	0	0	0
gene_551	3	0	0	1	0	0	0	2	1	0	0
gene_552	45	25	28	57	28	18	34	28	23	33	44
gene_553	29	28	23	28	16	13	22	27	29	21	30
gene_554	3	1	1	1	4	2	1	5	1	3	3
gene_555	1	4	0	2	2	1	1	2	1	2	4
gene_556	63	66	46	31	94	16	30	33	52	41	28
gene_557	23	12	24	28	16	31	22	18	9	14	22
gene_558	0	0	0	1	0	0	0	2	0	0	2
gene_559	1	0	0	0	15	1	0	0	0	3	1
gene_560	56	63	58	67	57	60	42	36	54	50	54
gene_561	4	8	14	3	0	7	0	0	6	5	1
gene_562	83	50	134	190	77	111	79	99	63	67	24
gene_563	28	37	34	31	44	32	40	27	40	47	36
gene_564	31	17	11	27	33	23	12	20	22	36	19
gene_565	36	33	20	29	40	26	20	22	43	39	32
gene_566	22	46	29	45	45	29	43	32	34	28	48
gene_567	0	0	0	1	1	0	2	0	1	0	1
gene_568	0	0	1	1	4	0	10	0	0	0	7
gene_569	0	0	1	0	0	1	0	0	2	0	1
gene_570	6	12	24	6	5	20	4	9	8	17	1
gene_571	11	10	11	11	1	1	25	10	12	29	16
gene_572	25	39	44	18	42	31	42	37	25	20	27
gene_573	25	10	10	5	10	7	6	2	10	6	27
gene_574	1	0	0	0	1	3	0	0	0	2	0
gene_575	0	1	0	0	0	3	0	15	0	0	1
gene_576	2	5	1	0	22	0	0	13	4	0	6
gene_577	233	415	308	84	233	174	142	628	344	198	222
gene_578	118	156	30	88	66	71	60	26	88	19	158
gene_579	189	172	195	223	190	213	207	192	221	189	189
gene_580	10	0	14	18	6	3	10	4	10	12	3
gene_581	176	188	186	214	173	169	113	223	157	150	133
gene_582	31	30	20	8	12	7	39	20	16	2	28
gene_583	44	63	88	112	89	71	6	73	97	44	65
gene_584	24	15	15	13	18	16	17	10	15	13	11
gene_585	10	0	30	2	1	19	0	0	0	8	6
gene_586	3	2	2	0	2	2	0	2	4	2	0
gene_587	11	16	12	6	18	21	18	7	7	5	5
gene_588	374	738	457	360	365	544	601	429	530	444	805
gene_589	4	1	1	5	1	0	4	4	0	7	3
gene_590	57	66	189	157	53	120	79	121	77	166	72
gene_591	2	0	0	9	5	22	4	0	32	12	0
gene_592	19	21	37	52	14	42	15	57	60	22	13
gene_593	15	17	9	17	16	9	6	10	18	16	14
gene_594	13	40	23	18	126	13	1	26	15	148	21
gene_595	16	1	33	2	0	30	0	18	0	4	2
gene_596	34	29	21	25	28	26	24	24	24	26	26
gene_597	1	0	3	5	2	4	4	5	4	3	5
gene_598	1	0	5	2	6	1	1	7	2	0	0
gene_599	250	232	175	145	228	275	212	202	234	269	174
gene_600	1147	1423	1371	1168	1266	1180	1093	1578	1560	1147	1306
gene_601	42	28	41	40	50	61	51	44	25	35	40
gene_602	123	201	185	189	126	124	138	274	105	201	64
gene_603	62	78	20	48	52	45	83	58	54	25	64
gene_604	24	49	31	31	13	41	28	48	26	26	43
gene_605	38	24	23	27	16	31	20	17	31	26	22
gene_606	42	26	27	26	46	27	39	37	32	41	50
gene_607	165	76	45	177	52	70	94	11	191	60	24
gene_608	3	0	0	10	13	2	0	0	0	36	0
gene_609	15	32	15	20	18	15	17	34	18	24	26
gene_610	16	16	26	9	20	26	9	23	17	13	15
gene_611	14	3	0	0	0	0	0	3	0	0	2
gene_612	0	23	4	2	1	0	5	8	2	4	11
gene_613	26	18	31	19	29	17	21	25	36	27	27
gene_614	65	49	41	51	65	119	26	55	36	23	76
gene_615	10	8	10	8	3	9	14	13	3	5	7
gene_616	1	0	0	0	0	0	1	0	5	1	0
gene_617	0	0	0	7	0	2	3	4	0	5	2
gene_618	7	4	7	0	1	0	1	0	1	0	0
gene_619	457	454	523	444	411	439	450	420	441	391	459
gene_620	34	45	44	53	50	50	55	46	46	44	41
gene_621	19	58	18	24	18	34	24	46	29	6	44
gene_622	3	1	2	4	0	0	0	5	4	1	2
gene_623	96	40	24	72	26	88	96	32	15	75	167
gene_624	4	13	40	17	15	14	20	23	20	18	19
gene_625	6	0	7	4	15	11	19	0	0	58	0
gene_626	1	0	0	7	0	0	1	0	0	0	1
gene_627	144	220	175	221	169	180	140	284	211	219	134
gene_628	45	48	1	27	24	20	17	12	36	23	35
gene_629	0	19	2	0	2	1	1	4	4	5	0
gene_630	14	0	1	21	1	0	4	2	1	7	3
gene_631	2	5	0	3	0	3	4	0	3	1	5
gene_632	0	0	0	1	1	0	2	1	0	0	1
gene_633	1	4	32	5	19	10	30	21	4	4	2
gene_634	11	12	38	17	12	12	32	30	12	19	25
gene_635	18	28	21	28	28	18	28	29	33	33	25
gene_636	117	68	62	109	77	82	60	56	67	63	129
gene_637	48	19	21	32	26	30	72	8	43	40	54
gene_638	75	42	106	48	52	61	75	82	90	68	52
gene_639	49	114	120	140	148	69	123	150	51	94	105
gene_640	2	0	3	0	1	2	0	1	4	0	0
gene_641	1	6	2	0	0	0	6	1	0	0	0
gene_642	4	9	10	22	5	4	5	18	2	13	13
gene_643	312	337	306	271	283	289	278	290	332	315	245
gene_644	11	0	1	0	57	0	2	1	1	9	0
gene_645	131	152	121	128	95	83	284	41	386	146	117
gene_646	0	3	3	0	1	6	0	1	1	2	5
gene_647	117	169	145	107	72	152	77	114	134	87	114
gene_648	1701	746	1347	705	418	845	818	851	840	1340	1575
gene_649	6	2	3	11	1	1	1	6	3	10	1
gene_650	182	628	321	500	317	422	155	349	231	327	211
gene_651	21	7	13	6	5	12	9	5	5	2	12
gene_652	1	0	0	1	8	0	0	5	2	0	1
gene_653	12	4	6	5	6	25	4	0	1	13	27
gene_654	20	10	63	21	29	20	47	11	30	20	9
gene_655	35	21	22	18	35	26	31	33	28	53	30
gene_656	0	0	0	0	0	2	0	1	0	0	3
gene_657	18	1	0	1	0	0	21	3	3	0	4
gene_658	29	16	28	22	33	23	22	20	38	16	14
gene_659	0	2	13	7	0	0	0	2	0	1	0
gene_660	3	1	0	2	1	13	0	0	2	0	5
gene_661	2	2	0	1	1	1	0	1	5	3	0
gene_662	41	22	3	18	16	5	12	10	7	33	12
gene_663	236	105	62	32	152	72	113	62	119	47	71
gene_664	1	4	4	14	0	2	3	2	8	1	5
gene_665	1	1	0	1	2	2	2	5	1	2	3
gene_666	11	10	11	17	15	16	12	21	19	21	12
gene_667	21	16	54	20	15	18	50	29	14	25	33
gene_668	8	14	16	34	44	12	29	11	4	11	6
gene_669	6	12	20	5	8	15	21	8	10	13	16
gene_670	59	62	32	55	45	71	61	57	39	34	42
gene_671	2	2	0	0	0	3	0	0	1	1	0
gene_672	13	1	9	0	1	5	1	0	0	4	0
gene_673	2	7	3	7	10	12	5	8	18	1	2
gene_674	12	7	11	13	16	15	5	26	12	13	18
gene_675	7	1	6	13	18	1	0	2	3	10	12
gene_676	37	43	35	40	44	43	44	51	45	50	62
gene_677	30	1	0	2	3	0	0	0	1	0	0
gene_678	220	163	133	139	138	109	128	112	110	112	116
gene_679	40	39	41	48	39	45	56	36	34	36	35
gene_680	103	50	44	18	68	130	74	61	27	27	65
gene_681	10	69	33	21	25	17	100	47	69	24	19
gene_682	6	21	14	9	22	20	17	21	34	17	42
gene_683	5	1	6	14	2	12	11	4	1	13	20
gene_684	55	56	88	93	110	104	41	51	58	45	39
gene_685	32	44	82	28	29	53	51	47	73	22	24
gene_686	0	0	0	0	2	0	2	0	0	0	0
gene_687	0	3	4	2	0	7	4	1	4	6	0
gene_688	4	5	14	10	4	42	18	13	23	17	5
gene_689	127	108	156	85	164	129	87	122	81	136	84
gene_690	259	235	227	228	276	265	221	352	317	307	270
gene_691	431	456	393	392	425	480	436	398	425	494	385
gene_692	157	90	113	156	156	133	110	132	160	166	163
gene_693	0	9	0	0	2	0	0	1	0	0	3
gene_694	47	50	73	59	64	62	74	45	84	33	57
gene_695	10	5	2	1	0	13	1	6	2	0	0
gene_696	2	0	0	0	2	0	2	5	0	0	5
gene_697	31	126	141	107	133	24	71	95	59	16	103
gene_698	0	0	0	2	0	0	0	1	1	0	1
gene_699	29	40	93	23	24	19	36	28	53	25	27
gene_700	3	4	3	4	2	2	5	3	1	0	0
gene_701	3	3	2	0	1	1	0	0	0	0	3
gene_702	0	10	3	0	0	0	0	0	8	0	17
gene_703	38	46	25	31	29	32	23	27	29	29	35
gene_704	4	5	2	6	3	4	2	3	2	3	3
gene_705	62	55	40	32	33	58	36	34	52	30	55
gene_706	13	11	22	22	0	14	1	0	1	93	43
gene_707	28	23	6	39	32	9	22	19	29	18	36
gene_708	277	325	218	250	239	334	208	196	175	201	315
gene_709	126	139	66	135	78	73	90	88	89	75	78
gene_710	7	2	0	8	0	7	42	11	0	2	0
gene_711	83	85	112	15	140	63	189	63	93	69	88
gene_712	62	61	55	37	72	87	68	62	53	60	43
gene_713	83	64	51	95	90	65	25	83	47	47	74
gene_714	80	70	98	102	111	95	86	87	119	99	91
gene_715	24	16	52	41	8	68	0	32	10	27	15
gene_716	336	249	202	460	210	205	288	209	185	211	273
gene_717	99	9	50	81	24	97	87	69	54	106	19
gene_718	135	112	89	160	114	137	149	194	75	107	101
gene_719	65	45	87	59	142	91	67	50	85	56	113
gene_720	2	1	0	2	0	2	4	0	0	2	0
gene_721	88	50	93	19	69	103	83	58	59	138	63
gene_722	162	188	179	148	253	177	167	162	180	159	150
gene_723	0	0	2	0	0	0	0	0	0	0	0
gene_724	2	16	4	34	9	38	16	24	0	19	15
gene_725	31	39	32	30	44	38	40	41	38	42	48
gene_726	0	3	1	0	5	0	2	2	0	1	0
gene_727	30	17	55	14	44	59	100	64	19	33	26
gene_728	123	119	121	80	28	50	17	35	137	77	54
gene_729	10	13	14	9	10	18	8	14	12	8	8
gene_730	7	22	4	3	18	4	5	40	24	37	28
gene_731	76	133	54	59	104	85	94	66	92	40	81
gene_732	6	8	4	1	4	2	1	26	5	3	10
gene_733	17	11	12	13	18	8	24	12	12	25	7
gene_734	1	0	9	0	10	4	2	17	16	1	11
gene_735	63	32	31	20	61	13	38	29	13	59	20
gene_736	49	28	40	37	21	29	27	24	22	31	29
gene_737	75	45	53	30	46	22	42	42	46	37	40
gene_738	7	16	7	19	7	11	2	4	7	5	3
gene_739	1	1	1	2	5	0	0	3	4	5	2
gene_740	313	307	348	254	318	397	309	387	195	131	565
gene_741	1	3	11	0	2	0	10	0	5	6	12
gene_742	23	66	89	135	16	26	37	85	21	81	40
gene_743	5	0	1	0	1	0	0	1	0	0	1
gene_744	73	61	76	61	38	38	59	103	85	93	33
gene_745	0	8	4	0	0	6	1	4	2	0	2
gene_746	0	0	1	0	0	0	0	0	2	0	0
gene_747	209	241	243	240	289	221	230	189	228	276	200
gene_748	76	69	79	60	52	58	60	70	85	66	58
gene_749	44	33	27	13	30	23	32	34	41	30	30
gene_750	370	310	612	1623	263	315	1205	195	324	417	249
gene_751	2	1	3	2	0	0	4	3	2	2	3
gene_752	105	106	64	85	107	78	88	68	100	78	111
gene_753	36	24	51	30	38	23	27	32	29	23	34
gene_754	1	8	1	0	4	2	1	0	0	1	1
gene_755	0	1	1	5	2	5	2	0	3	2	0
gene_756	4	0	3	5	1	5	0	2	3	4	7
gene_757	4	5	2	5	8	4	2	5	8	3	9
gene_758	125	242	306	164	192	202	407	283	362	293	187
gene_759	0	1	8	1	2	7	0	0	9	0	0
gene_760	0	24	0	0	0	0	1	0	1	0	2
gene_761	404	807	267	260	583	449	575	637	558	456	331
gene_762	36	36	45	53	42	37	43	41	44	61	47
gene_763	17	25	35	24	12	23	14	35	29	9	28
gene_764	1	1	0	0	0	1	0	2	2	0	0
gene_765	11	7	13	4	8	11	15	11	7	5	9
gene_766	23	73	63	149	129	96	185	45	72	91	133
gene_767	70	98	92	102	91	76	74	48	89	89	108
gene_768	0	2	7	4	5	6	1	5	0	3	8
gene_769	1	1	0	1	0	1	0	0	0	1	1
gene_770	334	238	156	136	187	148	276	188	232	252	167
gene_771	259	108	102	163	133	166	306	386	277	81	267
gene_772	17	11	27	26	23	18	10	11	13	37	20
gene_773	9	28	45	24	23	12	12	12	30	13	19
gene_774	0	4	0	1	2	0	3	0	2	5	0
gene_775	8	4	13	10	5	7	13	6	6	12	8
gene_776	1	3	7	2	18	5	0	0	10	1	0
gene_777	35	27	43	32	37	25	33	33	27	36	28
gene_778	15	42	37	28	20	25	53	7	17	27	14
gene_779	40	47	38	45	23	30	25	34	39	45	25
gene_780	72	0	2	2	31	2	7	22	38	22	0
gene_781	146	112	108	88	120	156	106	193	140	130	106
gene_782	15	9	27	1	20	16	3	1	5	12	13
gene_783	40	18	30	34	17	44	47	43	26	15	38
gene_784	87	72	58	91	82	89	70	70	77	67	83
gene_785	5	8	32	5	5	5	10	12	5	27	2
gene_786	4	1	8	7	3	3	3	11	0	6	9
gene_787	3	0	1	0	0	4	3	1	0	19	10
gene_788	0	9	0	0	0	0	6	4	1	2	0
gene_789	21	16	10	20	22	12	15	15	21	22	15
gene_790	8	3	2	2	2	1	5	11	8	3	3
gene_791	165	187	245	140	109	280	219	202	222	195	78
gene_792	47	107	59	88	136	76	38	57	101	112	70
gene_793	2	0	0	0	0	1	6	2	0	0	15
gene_794	7	1	2	2	0	2	5	5	2	0	1
gene_795	588	590	645	263	372	459	304	336	502	631	555
gene_796	5	9	16	0	2	7	24	22	10	7	12
gene_797	5	0	3	9	2	0	11	10	62	0	0
gene_798	0	1	1	0	0	2	0	1	0	2	0
gene_799	29	32	19	27	37	22	37	27	26	28	32
gene_800	8	1	0	0	5	0	7	4	4	4	2
gene_801	0	8	0	2	0	3	0	12	2	3	5
gene_802	5	4	2	1	3	2	5	3	1	4	2
gene_803	126	117	75	60	127	78	98	83	85	97	102
gene_804	10	0	6	6	4	4	2	6	7	7	2
gene_805	348	337	296	346	242	232	181	211	365	273	325
gene_806	74	48	145	62	83	57	90	84	54	60	68
gene_807	0	1	1	0	3	1	0	0	0	0	0
gene_808	10	1	0	1	0	0	0	0	5	1	2
gene_809	16	8	0	9	1	2	1	7	4	4	17
gene_810	21	94	48	40	85	94	50	39	50	33	46
gene_811	7	3	12	12	8	4	10	2	4	8	8
gene_812	24	60	65	77	74	37	34	27	32	32	56
gene_813	5	1	6	0	0	23	0	0	0	0	3
gene_814	25	13	12	29	43	19	20	30	27	24	18
gene_815	31	31	28	103	42	3	66	36	136	52	8
gene_816	565	378	484	547	390	314	597	612	582	529	441
gene_817	22	40	53	109	42	105	70	21	58	44	26
gene_818	8	14	23	21	15	28	36	18	42	57	19
gene_819	0	0	7	0	2	0	0	1	0	3	7
gene_820	0	0	0	1	4	3	0	1	0	0	0
gene_821	4	15	5	38	72	45	6	30	29	74	6
gene_822	0	0	1	1	0	3	0	0	0	1	0
gene_823	1	0	0	0	1	1	1	2	0	4	1
gene_824	4	8	4	3	4	6	2	2	2	4	8
gene_825	1	6	3	0	2	0	2	1	3	3	3
gene_826	0	2	2	0	0	0	0	0	0	0	0
gene_827	53	63	56	85	61	107	39	52	72	63	46
gene_828	121	142	82	153	93	85	115	125	107	112	84
gene_829	29	20	34	32	33	20	27	54	33	29	29
gene_830	0	2	0	0	0	2	0	0	0	0	2
gene_831	33	41	79	74	59	70	27	66	36	54	52
gene_832	217	267	259	230	240	191	257	224	250	223	248
gene_833	49	54	47	53	37	64	46	50	46	40	32
gene_834	35	47	37	20	50	31	101	30	66	36	38
gene_835	9	5	5	5	1	5	6	15	3	4	6
gene_836	7	4	17	9	7	7	12	12	13	1	9
gene_837	28	9	15	9	31	27	27	43	28	12	18
gene_838	7	13	38	22	20	9	30	10	7	16	25
gene_839	2	1	0	0	2	0	0	0	0	0	0
gene_840	2	1	1	0	1	0	0	0	1	1	1
gene_841	21	7	94	66	0	149	25	132	12	41	11
gene_842	62	68	42	42	46	138	77	64	105	108	46
gene_843	1	0	2	4	0	0	0	0	1	4	2
gene_844	23	8	19	13	6	6	8	12	8	9	24
gene_845	23	15	43	16	12	13	31	23	23	32	26
gene_846	0	0	0	0	2	7	2	3	2	2	5
gene_847	88	83	96	102	100	100	83	95	83	93	95
gene_848	3	2	1	0	1	1	3	2	0	1	3
gene_849	41	99	70	65	98	84	78	85	52	99	55
gene_850	4	2	4	6	2	2	7	4	11	4	3
gene_851	33	17	21	28	14	22	59	48	23	46	44
gene_852	0	0	2	0	0	0	0	0	1	0	0
gene_853	21	35	40	49	20	16	36	37	20	20	40
gene_854	64	88	58	63	65	61	83	101	82	62	61
gene_855	0	10	28	26	0	0	0	0	14	0	13
gene_856	67	87	81	99	90	98	64	68	77	62	83
gene_857	6	0	0	0	7	0	4	0	0	2	0
gene_858	20	14	12	19	21	15	11	19	24	14	17
gene_859	33	26	27	18	31	25	16	25	10	30	27
gene_860	1045	745	610	897	898	1290	890	502	1245	735	1087
gene_861	271	339	237	330	288	203	242	366	218	302	234
gene_862	31	55	28	21	17	47	54	51	43	19	43
gene_863	20	18	16	42	31	51	25	21	42	19	39
gene_864	190	146	177	179	180	200	130	242	174	166	148
gene_865	184	206	200	188	117	65	160	169	203	74	89
gene_866	82	56	55	67	81	87	81	50	45	76	71
gene_867	3	5	6	2	3	4	9	3	3	4	6
gene_868	1	0	1	2	10	18	0	3	4	4	10
gene_869	13	41	37	33	32	33	25	47	22	53	20
gene_870	48	65	68	38	52	63	32	43	44	41	59
gene_871	21	112	78	94	57	51	45	63	39	40	164
gene_872	12	8	19	5	9	8	5	4	5	6	10
gene_873	409	509	391	572	493	551	386	467	423	421	414
gene_874	8	11	11	16	16	9	7	16	16	14	17
gene_875	69	74	25	56	107	47	57	70	63	73	55
gene_876	46	46	37	33	54	32	50	54	36	62	64
gene_877	7	56	2	10	18	47	73	49	40	44	11
gene_878	1088	1423	476	1755	2918	3995	1219	2529	1489	4132	1385
gene_879	1	8	3	17	0	0	0	0	1	0	2
gene_880	23	36	20	24	27	12	23	37	46	23	27
gene_881	7	15	7	9	6	4	15	3	5	9	10
gene_882	24	39	27	49	54	37	46	32	48	40	39
gene_883	57	58	47	54	87	60	59	55	36	65	80
gene_884	13	38	43	31	35	19	22	38	11	38	37
gene_885	5	0	4	0	9	1	0	6	0	2	0
gene_886	0	0	1	0	1	23	2	8	2	1	7
gene_887	2	0	1	24	4	12	12	5	0	0	3
gene_888	3	8	13	1	3	22	3	17	2	5	3
gene_889	15	10	14	10	10	9	6	9	12	2	6
gene_890	3	0	15	17	4	12	3	16	14	4	9
gene_891	0	0	1	1	1	2	3	1	2	4	5
gene_892	2	10	2	2	17	4	9	1	6	1	13
gene_893	11	9	12	6	10	19	28	7	12	7	3
gene_894	10	7	10	6	7	8	8	5	10	7	7
gene_895	4	1	4	5	4	3	1	5	6	1	2
gene_896	1	0	0	0	0	1	0	4	0	3	0
gene_897	27	35	26	25	40	37	25	36	52	20	49
gene_898	677	630	608	383	449	393	359	668	496	769	570
gene_899	136	116	154	157	139	153	178	200	151	137	188
gene_900	10	299	327	201	133	80	203	161	154	297	242
gene_901	5	4	10	16	5	2	5	2	5	13	11
gene_902	95	178	55	102	129	160	129	151	139	150	159
gene_903	127	152	177	199	129	176	38	76	161	62	97
gene_904	74	26	27	24	76	43	29	40	23	51	67
gene_905	105	89	179	98	109	131	131	205	141	106	107
gene_906	24	43	27	32	38	39	36	29	29	23	27
gene_907	1	2	0	3	0	3	2	3	1	5	2
gene_908	4	1	6	3	4	12	10	5	5	5	7
gene_909	164	148	124	127	221	237	144	85	173	173	153
gene_910	7	11	31	6	18	24	5	18	9	32	8
gene_911	0	9	9	2	2	2	8	0	3	2	0
gene_912	5	9	6	2	7	2	8	4	2	5	6
gene_913	164	157	135	118	92	113	193	103	84	151	100
gene_914	131	85	100	64	105	127	63	53	86	106	126
gene_915	71	339	457	904	527	217	468	270	169	304	231
gene_916	4	3	6	14	4	1	11	4	2	42	3
gene_917	0	0	2	0	0	1	0	0	2	2	2
gene_918	82	53	66	45	81	86	91	80	65	79	53
gene_919	32	92	78	68	113	36	40	17	91	55	18
gene_920	11	5	3	20	11	18	0	13	16	17	13
gene_921	81	110	90	80	108	64	100	93	96	80	102
gene_922	47	56	66	28	65	23	51	109	86	115	100
gene_923	9	5	9	4	3	2	0	4	8	3	4
gene_924	0	1	7	4	2	2	0	0	0	2	0
gene_925	0	0	2	0	0	0	2	0	0	0	0
gene_926	5	1	1	0	0	0	0	4	0	1	0
gene_927	66	33	56	114	89	101	40	51	85	28	54
gene_928	1817	1149	1523	2507	1948	1765	2639	1480	1577	2988	2232
gene_929	3	17	7	1	52	8	9	5	2	6	5
gene_930	34	38	28	32	67	21	27	21	21	10	43
gene_931	2	4	20	10	36	17	0	68	109	15	29
gene_932	1	19	2	0	4	6	4	4	0	0	2
gene_933	8	0	0	0	3	31	5	59	9	10	14
gene_934	0	2	2	2	2	3	0	1	0	1	0
gene_935	12	23	33	26	36	30	9	28	2	12	12
gene_936	1	3	0	1	0	0	2	0	0	0	1
gene_937	53	58	47	24	55	88	64	66	40	51	106
gene_938	25	17	12	11	27	33	21	12	10	18	0
gene_939	35	39	23	23	41	48	21	33	44	31	25
gene_940	178	194	154	228	63	80	43	52	96	180	123
gene_941	43	63	31	35	50	60	33	38	47	39	26
gene_942	118	97	64	66	171	70	58	60	131	170	138
gene_943	10	13	8	11	12	20	22	11	13	20	15
gene_944	11	14	6	25	3	6	6	4	7	12	0
gene_945	2	0	0	0	0	0	0	2	2	0	2
gene_946	272	230	255	229	262	211	183	318	294	312	251
gene_947	4	4	4	2	0	0	1	2	2	2	2
gene_948	16	14	11	21	26	17	17	10	10	11	16
gene_949	10	29	11	31	14	38	6	16	27	26	19
gene_950	52	82	65	50	52	80	91	50	73	55	71
gene_951	1	0	0	20	3	12	2	0	0	0	11
gene_952	2	16	2	4	0	2	4	0	4	1	2
gene_953	0	5	0	42	13	34	57	0	3	3	7
gene_954	71	110	103	70	68	89	64	71	90	96	80
gene_955	5	7	3	4	5	2	1	1	3	7	4
gene_956	8	2	4	45	4	15	8	3	10	14	10
gene_957	0	10	1	1	0	1	2	3	0	1	3
gene_958	1	0	0	1	0	0	3	0	8	1	2
gene_959	78	130	177	96	153	51	86	53	133	170	103
gene_960	0	1	0	0	0	0	1	2	0	1	0
gene_961	0	1	0	0	3	0	1	0	2	0	0
gene_962	8	8	13	8	12	10	19	13	0	14	13
gene_963	16	1	33	1	28	21	14	15	2	8	10
gene_964	0	7	1	1	0	0	1	0	0	0	0
gene_965	4	7	0	1	2	3	1	2	35	0	0
gene_966	9	3	34	7	7	3	0	27	7	0	0
gene_967	26	40	11	52	11	48	45	24	34	42	12
gene_968	11	29	9	3	12	10	18	11	19	16	10
gene_969	29	29	33	24	19	24	32	33	37	56	21
gene_970	1	1	0	1	3	2	0	2	0	3	5
gene_971	26	30	23	42	34	36	26	29	32	36	32
gene_972	32	36	38	39	42	45	34	31	32	52	50
gene_973	0	3	0	2	2	1	7	0	0	1	13
gene_974	216	199	137	241	295	226	198	245	248	217	219
gene_975	0	5	7	3	4	3	3	9	7	1	11
gene_976	57	72	67	53	42	36	37	50	64	73	64
gene_977	1	0	3	2	0	2	4	1	0	0	1
gene_978	1	0	0	1	0	1	5	13	14	0	2
gene_979	76	59	27	51	54	13	32	40	15	31	28
gene_980	13	35	46	28	48	57	23	50	33	17	29
gene_981	22	23	23	7	27	7	17	31	33	30	23
gene_982	53	58	53	64	46	44	52	47	47	47	48
gene_983	495	538	443	525	507	422	545	326	466	395	590
gene_984	624	328	405	584	363	529	621	466	308	377	468
gene_985	62	50	50	62	44	54	37	37	51	49	53
gene_986	17	86	16	36	34	54	9	18	52	78	41
gene_987	101	45	16	39	27	34	102	23	57	31	27
gene_988	0	2	1	1	1	1	1	1	4	3	1
gene_989	61	63	44	58	45	95	83	77	96	116	52
gene_990	6	0	4	2	4	3	2	0	2	0	1
gene_991	28	20	16	28	22	18	38	25	13	6	14
gene_992	26	21	30	21	23	11	29	23	24	31	25
gene_993	0	0	3	0	2	30	1	9	0	0	0
gene_994	41	16	25	40	29	33	19	12	14	16	15
gene_995	149	182	94	193	81	89	97	133	102	76	71
gene_996	20	17	16	18	7	14	10	12	15	9	24
gene_997	48	29	58	47	36	26	12	54	44	33	25
gene_998	30	7	22	12	10	15	16	15	19	24	10
gene_999	0	0	5	5	2	0	2	6	1	2	2
gene_1000	11	4	18	3	10	11	1	5	5	0	13
gene_1001	4	11	6	8	10	10	6	8	19	0	21
gene_1002	1	2	0	0	5	1	0	6	0	3	5
gene_1003	21	20	29	17	21	21	10	9	26	19	23
gene_1004	82	45	45	39	40	27	44	24	57	42	17
gene_1005	81	142	186	185	143	183	121	114	105	152	97
gene_1006	4	0	9	0	0	0	0	0	3	1	6
gene_1007	18	21	30	18	14	8	11	24	30	22	17
gene_1008	0	9	2	0	1	0	0	4	0	0	0
gene_1009	366	518	328	438	289	304	664	227	153	338	187
gene_1010	4	6	4	4	1	6	2	3	6	2	4
gene_1011	153	176	212	176	173	228	122	293	175	209	176
gene_1012	59	39	59	53	69	37	42	61	110	50	61
gene_1013	1	0	4	1	8	1	1	3	0	2	1
gene_1014	2	1	0	0	2	0	1	0	0	0	1
gene_1015	250	234	234	254	268	230	241	253	242	256	242
gene_1016	22	22	9	40	41	30	37	34	19	20	24
gene_1017	225	230	215	84	119	133	112	202	127	147	128
gene_1018	0	1	1	0	2	0	9	0	0	0	0
gene_1019	107	168	107	135	192	142	175	71	100	138	131
gene_1020	8	15	16	13	2	3	3	7	43	22	5
gene_1021	16	13	15	5	18	11	6	6	13	2	18
gene_1022	111	94	36	12	154	86	17	27	34	0	158
gene_1023	3	7	0	21	1	4	1	0	0	1	8
gene_1024	1	0	0	1	0	0	3	0	0	2	0
gene_1025	7	0	4	0	0	0	0	3	0	0	2
gene_1026	26	21	36	44	41	32	11	9	38	27	25
gene_1027	0	1	23	2	2	0	1	3	3	0	0
gene_1028	3	0	9	39	1	0	5	3	4	0	0
gene_1029	8	10	14	8	21	18	12	9	11	8	10
gene_1030	77	52	76	55	49	106	68	24	91	52	52
gene_1031	0	0	6	1	1	0	0	4	0	1	0
gene_1032	0	0	2	2	0	6	0	0	1	0	0
gene_1033	130	225	199	230	551	74	141	44	58	94	119
gene_1034	31	93	183	129	73	97	165	104	170	72	184
gene_1035	296	389	365	498	408	499	414	294	511	469	270
gene_1036	166	116	41	26	50	170	50	73	45	22	64
gene_1037	35	46	26	21	35	45	48	63	28	42	43
gene_1038	2	2	5	6	6	23	2	1	21	2	5
gene_1039	130	155	120	171	116	131	129	130	120	135	108
gene_1040	7	2	2	8	19	8	16	6	10	12	7
gene_1041	19	15	18	19	13	18	22	19	17	18	18
gene_1042	95	49	65	55	41	41	27	22	26	22	53
gene_1043	0	17	0	4	9	2	0	4	0	5	0
gene_1044	0	2	5	1	3	0	0	1	2	0	0
gene_1045	318	537	417	469	471	344	337	377	604	365	351
gene_1046	14	40	14	24	2	4	16	55	23	14	24
gene_1047	10	26	27	37	10	34	28	11	45	16	31
gene_1048	84	60	65	61	60	48	51	42	57	68	66
gene_1049	42	16	30	45	22	23	18	21	28	5	17
gene_1050	14	25	12	26	27	22	6	9	29	11	10
gene_1051	0	3	9	53	0	0	0	23	7	4	8
gene_1052	65	51	40	50	64	46	48	42	50	47	46
gene_1053	53	16	30	25	16	22	4	5	41	15	19
gene_1054	102	38	68	56	89	55	116	73	64	55	62
gene_1055	58	87	63	46	64	77	66	64	94	90	58
gene_1056	3	10	3	20	14	8	2	2	16	33	8
gene_1057	144	182	99	165	91	133	58	95	131	119	161
gene_1058	64	71	47	57	63	54	63	54	63	56	57
gene_1059	18	26	35	36	25	24	23	21	12	15	16
gene_1060	23	7	8	23	19	22	14	16	34	25	16
gene_1061	94	72	112	103	110	90	85	87	84	96	106
gene_1062	71	50	28	44	47	42	40	56	46	42	40
gene_1063	60	59	33	88	92	44	69	51	64	40	63
gene_1064	21	22	18	20	22	11	12	16	20	20	12
gene_1065	70	79	54	70	67	76	74	48	73	67	54
gene_1066	0	1	2	1	0	0	0	6	3	0	4
gene_1067	31	19	30	21	16	21	22	25	17	23	21
gene_1068	24	3	17	0	11	12	6	16	11	1	7
gene_1069	4	7	12	4	2	8	7	0	2	4	9
gene_1070	26	34	26	54	1	30	41	53	92	62	31
gene_1071	144	159	187	194	130	225	162	86	236	108	75
gene_1072	4	3	10	3	3	0	0	0	0	8	2
gene_1073	0	1	0	0	0	2	0	1	0	0	2
gene_1074	0	17	12	16	0	3	5	22	16	9	11
gene_1075	5	1	33	7	2	7	4	8	26	1	11
gene_1076	40	14	40	16	5	32	44	19	31	9	24
gene_1077	31	32	10	51	88	59	28	1	147	71	53
gene_1078	0	4	0	14	0	0	0	2	3	0	1
gene_1079	20	0	18	0	15	9	7	16	3	1	3
gene_1080	5	2	10	1	6	9	7	11	0	4	1
gene_1081	35	25	27	25	20	18	18	33	30	29	18
gene_1082	3	0	3	1	3	0	2	1	0	0	0
gene_1083	29	10	23	9	13	10	5	12	12	10	8
gene_1084	48	22	26	39	20	17	36	47	29	36	59
gene_1085	302	346	317	254	307	239	277	197	436	308	214
gene_1086	2	47	0	0	0	1	0	26	3	3	0
gene_1087	26	14	20	20	17	11	24	11	16	16	17
gene_1088	73	17	13	18	80	84	24	76	27	38	49
gene_1089	19	30	9	18	67	26	19	23	39	15	11
gene_1090	17	28	16	22	19	4	32	15	5	27	10
gene_1091	237	204	126	178	171	226	219	217	170	225	129
gene_1092	571	918	268	416	950	493	355	1005	339	604	950
gene_1093	74	85	65	54	66	102	80	103	75	59	63
gene_1094	1	2	4	1	3	0	6	1	9	3	1
gene_1095	1	3	1	3	1	7	1	2	0	0	5
gene_1096	7	57	7	37	19	1	8	0	3	21	0
gene_1097	194	251	220	246	211	245	216	250	268	229	238
gene_1098	43	43	46	65	47	33	45	35	36	34	35
gene_1099	1	2	2	3	2	0	2	3	8	15	0
gene_1100	71	31	49	65	43	53	49	71	30	63	52
gene_1101	17	16	0	2	24	7	9	0	9	0	0
gene_1102	19	24	4	5	1	23	41	11	34	46	25
gene_1103	8	8	3	3	3	9	1	7	2	5	8
gene_1104	4	15	2	10	6	3	3	15	12	4	5
gene_1105	27	10	39	22	17	36	20	15	21	14	21
gene_1106	0	9	2	0	0	1	0	0	0	0	27
gene_1107	12	5	8	14	15	11	11	8	4	14	9
gene_1108	38	30	48	34	31	64	66	60	34	52	62
gene_1109	1	4	1	1	2	1	2	5	3	2	0
gene_1110	9	4	3	4	0	0	3	2	0	0	3
gene_1111	9	5	4	0	1	0	0	25	0	8	0
gene_1112	90	0	4	0	34	0	10	5	6	36	0
gene_1113	28	24	69	65	20	71	10	7	51	33	42
gene_1114	9	5	18	9	10	5	9	4	9	14	8
gene_1115	14	20	5	17	27	4	17	18	25	6	17
gene_1116	116	144	68	30	13	104	92	7	147	248	481
gene_1117	157	160	179	181	206	182	168	156	169	153	161
gene_1118	664	376	241	550	546	278	513	354	671	315	440
gene_1119	37	20	18	12	24	26	36	29	14	16	22
gene_1120	37	49	39	31	32	47	26	29	30	34	47
gene_1121	1	0	4	0	0	2	11	1	0	0	0
gene_1122	90	89	66	163	137	105	67	60	73	121	124
gene_1123	86	100	74	65	65	83	35	134	59	87	80
gene_1124	10	2	14	13	11	19	6	10	10	12	15
gene_1125	45	66	52	108	78	267	94	46	44	16	75
gene_1126	59	56	55	60	37	61	99	71	51	71	73
gene_1127	385	387	368	399	368	376	407	378	358	372	411
gene_1128	0	3	2	4	7	6	1	4	0	0	2
gene_1129	1	4	0	0	1	1	1	2	0	0	0
gene_1130	96	59	56	88	93	43	77	66	108	228	88
gene_1131	699	804	584	666	1406	572	802	182	672	785	203
gene_1132	9	3	1	0	2	1	1	1	5	4	2
gene_1133	33	40	35	27	32	41	38	31	37	45	61
gene_1134	43	31	34	24	32	34	23	45	48	26	45
gene_1135	497	543	131	518	390	404	292	547	77	170	380
gene_1136	50	97	70	206	84	89	71	52	119	39	154
gene_1137	260	301	247	252	287	276	241	255	271	255	252
gene_1138	0	1	0	13	2	0	8	1	0	7	1
gene_1139	14	12	15	11	11	8	9	11	7	8	11
gene_1140	5	11	17	27	19	4	2	2	3	29	1
gene_1141	2	0	0	2	4	0	0	0	0	3	21
gene_1142	0	12	2	0	3	6	1	13	5	3	2
gene_1143	168	30	130	136	56	166	41	91	215	235	54
gene_1144	30	51	33	36	47	27	33	41	53	55	37
gene_1145	76	72	57	74	76	58	59	62	67	74	62
gene_1146	6	5	9	51	32	26	14	33	9	7	28
gene_1147	109	25	72	57	6	25	37	40	9	24	11
gene_1148	157	82	157	104	11	24	153	152	255	28	19
gene_1149	0	0	1	2	0	1	0	2	1	1	1
gene_1150	2	4	1	4	2	5	6	1	4	1	2
gene_1151	94	68	51	69	105	77	80	57	77	64	67
gene_1152	61	81	95	80	140	68	64	67	50	72	59
gene_1153	109	95	75	52	86	202	142	152	82	111	210
gene_1154	12	6	11	8	8	20	9	8	8	7	11
gene_1155	86	42	112	150	74	65	44	74	118	63	49
gene_1156	3	78	27	47	292	32	71	41	21	42	48
gene_1157	34	60	104	44	38	56	53	91	108	54	68
gene_1158	2	0	1	0	0	0	0	0	0	0	0
gene_1159	6	20	0	4	1	2	8	0	2	1	6
gene_1160	16	11	9	14	17	10	10	15	13	8	14
gene_1161	10	12	11	4	13	11	12	18	9	26	13
gene_1162	16	20	23	8	16	8	8	10	57	30	24
gene_1163	243	143	158	146	273	145	71	83	113	169	146
gene_1164	5	14	16	4	5	5	4	11	4	3	9
gene_1165	13	18	11	25	22	13	14	13	15	9	17
gene_1166	72	68	60	77	70	54	84	73	101	70	79
gene_1167	4	5	0	2	1	2	4	1	0	3	1
gene_1168	79	86	116	87	80	92	87	115	95	101	88
gene_1169	268	268	241	250	214	320	242	242	234	236	315
gene_1170	174	260	111	135	90	75	188	116	162	144	127
gene_1171	2354	2562	1854	2635	1977	2411	1422	2354	2015	2336	2346
gene_1172	1	0	0	0	1	1	1	2	0	2	0
gene_1173	13	18	17	18	11	12	11	19	19	18	15
gene_1174	30	13	81	95	33	171	40	126	23	180	138
gene_1175	61	4	33	3	0	0	13	16	7	3	3
gene_1176	107	86	103	163	68	50	215	189	144	82	71
gene_1177	16	14	36	20	27	19	41	23	15	22	28
gene_1178	237	351	290	280	181	20	247	192	71	28	60
gene_1179	4	6	4	0	1	1	2	6	6	6	3
gene_1180	80	67	60	59	123	136	107	139	99	52	205
gene_1181	199	193	86	119	156	107	112	84	119	169	64
gene_1182	10	17	8	31	7	17	16	25	23	29	11
gene_1183	0	0	0	1	0	6	4	0	0	0	0
gene_1184	3	1	3	0	0	0	2	0	1	0	3
gene_1185	0	0	0	2	0	1	0	2	2	1	1
gene_1186	0	0	0	0	6	0	0	6	0	0	2
gene_1187	21	40	19	29	30	29	14	15	35	12	22
gene_1188	5	3	6	13	15	25	12	18	11	19	10
gene_1189	27	15	7	3	14	3	15	5	0	4	1
gene_1190	5	10	10	3	11	9	13	5	6	12	10
gene_1191	26	1	15	1	27	14	27	0	2	1	1
gene_1192	694	703	911	668	844	733	500	672	645	496	533
gene_1193	6	15	13	8	6	10	4	5	9	4	10
gene_1194	9	14	0	0	1	0	1	0	10	9	15
gene_1195	5	2	4	16	8	5	5	5	4	10	4
gene_1196	2	13	3	19	5	3	3	14	0	5	17
gene_1197	40	23	16	26	25	25	19	34	18	37	36
gene_1198	4	3	3	1	0	3	0	15	0	0	0
gene_1199	0	3	0	0	0	2	0	0	1	0	0
gene_1200	1279	1180	1228	1233	1433	1293	1214	1126	1454	1369	1477
gene_1201	14	55	20	54	10	24	33	53	34	14	24
gene_1202	0	0	1	0	1	0	2	0	0	0	0
gene_1203	56	43	50	56	59	65	53	42	62	53	45
gene_1204	98	103	120	115	97	105	84	98	79	99	103
gene_1205	26	4	53	27	42	60	27	45	45	33	17
gene_1206	12	16	75	12	15	39	7	9	9	25	2
gene_1207	1	67	98	194	14	2	15	11	18	30	2
gene_1208	0	0	1	1	0	0	0	0	0	1	0
gene_1209	0	0	2	1	0	0	0	0	0	0	0
gene_1210	2	0	0	0	2	0	2	0	0	4	0
gene_1211	28	42	2	16	3	22	65	71	0	0	0
gene_1212	179	246	131	119	174	143	212	123	222	128	95
gene_1213	0	1	1	0	0	1	0	0	0	0	1
gene_1214	2	9	3	2	4	6	7	5	4	4	5
gene_1215	98	68	21	28	22	56	38	26	44	52	6
gene_1216	409	364	411	608	67	434	32	977	404	435	238
gene_1217	153	186	239	175	113	151	116	161	122	78	96
gene_1218	72	50	40	44	38	36	61	32	25	44	49
gene_1219	13	3	62	17	9	14	11	27	62	44	15
gene_1220	1	0	4	1	0	0	2	5	3	0	0
gene_1221	11	7	25	1	0	1	3	3	20	20	2
gene_1222	51	36	56	54	79	49	77	40	54	47	51
gene_1223	14	2	24	2	7	1	14	17	12	14	10
gene_1224	147	111	117	69	109	155	338	71	27	187	335
gene_1225	113	107	95	91	78	80	84	90	114	92	70
gene_1226	1	4	6	4	2	4	8	13	6	8	11
gene_1227	27	39	38	24	38	31	44	31	26	24	35
gene_1228	18	40	34	23	38	30	35	31	41	28	28
gene_1229	170	140	156	164	155	174	174	154	174	173	144
gene_1230	0	33	14	14	25	18	33	10	5	8	18
gene_1231	1	0	3	2	6	2	1	3	2	2	4
gene_1232	13	9	7	6	15	15	10	27	16	25	8
gene_1233	1	0	1	9	0	4	2	4	2	143	0
gene_1234	1	20	15	8	18	11	14	1	14	16	14
gene_1235	52	49	40	55	50	47	57	45	41	53	46
gene_1236	1	1	1	1	0	2	0	1	1	3	2
gene_1237	12	7	20	6	9	10	4	6	10	10	7
gene_1238	0	0	0	0	3	3	3	0	2	0	0
gene_1239	6	5	1	1	6	3	3	1	0	6	2
gene_1240	27	22	45	16	14	39	18	36	14	35	31
gene_1241	4	27	8	9	36	51	25	12	8	13	19
gene_1242	136	163	183	36	130	76	216	96	246	134	187
gene_1243	33	59	18	38	64	40	22	47	34	24	23
gene_1244	16	36	31	31	29	30	47	43	21	32	18
gene_1245	57	99	59	75	53	80	77	89	71	40	57
gene_1246	13	11	9	12	12	11	16	19	18	12	11
gene_1247	4	1	1	6	3	5	2	3	6	11	3
gene_1248	2	1	1	0	1	0	0	1	0	0	0
gene_1249	0	0	0	0	0	1	0	0	0	3	0
gene_1250	0	3	1	0	1	0	0	1	0	0	3
gene_1251	7	3	1	10	2	4	4	5	4	8	1
gene_1252	27	28	14	25	21	16	21	30	32	27	29
gene_1253	82	59	26	57	94	54	35	66	104	30	60
gene_1254	2	0	5	3	0	0	2	1	0	2	0
gene_1255	64	81	90	62	20	14	45	20	82	43	26
gene_1256	11	3	7	7	13	15	4	21	32	20	16
gene_1257	7	22	2	35	26	3	6	2	0	12	2
gene_1258	1	0	1	0	1	3	0	2	3	1	0
gene_1259	16	26	12	22	18	14	10	20	22	13	19
gene_1260	14	15	27	19	74	17	26	40	44	37	9
gene_1261	2	23	4	1	17	27	5	20	7	1	0
gene_1262	295	229	324	470	358	269	305	308	283	285	310
gene_1263	11	3	1	6	2	4	3	1	0	1	4
gene_1264	1	19	9	30	14	12	19	0	61	18	1
gene_1265	37	54	48	19	28	29	56	11	35	16	39
gene_1266	19	40	31	68	20	42	14	25	42	22	52
gene_1267	21	3	110	76	11	0	2	5	14	48	2
gene_1268	145	137	119	124	127	124	124	64	178	148	104
gene_1269	0	0	0	0	0	0	0	0	2	1	0
gene_1270	20	21	3	11	15	23	22	8	12	17	11
gene_1271	54	28	22	70	56	33	49	31	40	67	40
gene_1272	401	345	409	360	327	340	336	350	380	330	352
gene_1273	70	108	71	116	99	76	88	85	118	104	85
gene_1274	3	2	0	1	1	1	0	7	6	2	1
gene_1275	165	66	268	165	247	98	205	120	140	228	130
gene_1276	122	123	113	125	109	121	100	118	107	117	120
gene_1277	107	143	186	59	262	234	94	180	97	53	201
gene_1278	0	2	1	0	0	0	2	2	0	0	0
gene_1279	0	4	1	0	19	8	2	25	0	4	0
gene_1280	18	11	29	4	20	27	41	11	13	13	9
gene_1281	1	1	0	0	6	0	0	0	1	1	0
gene_1282	15	31	27	14	5	43	10	36	18	4	34
gene_1283	199	165	181	305	181	270	290	205	235	193	199
gene_1284	2	15	16	7	10	2	1	4	1	4	2
gene_1285	35	29	28	32	40	36	26	35	32	30	21
gene_1286	68	45	66	98	93	52	63	52	127	43	51
gene_1287	18	17	14	12	17	11	20	17	9	22	10
gene_1288	58	63	56	47	15	44	28	30	38	47	71
gene_1289	0	0	1	1	1	5	2	0	0	1	0
gene_1290	4	4	4	0	2	0	0	0	0	1	2
gene_1291	0	0	0	0	1	0	2	0	1	0	0
gene_1292	21	9	1	5	17	6	3	10	11	15	27
gene_1293	4	0	0	10	1	2	0	0	1	0	1
gene_1294	10	15	7	25	1	13	33	6	7	20	11
gene_1295	19	0	11	2	9	0	25	0	0	65	9
gene_1296	28	29	15	27	28	38	19	30	22	26	18
gene_1297	0	1	0	1	2	0	0	0	0	1	0
gene_1298	26	50	42	48	28	64	46	29	38	72	27
gene_1299	106	71	152	27	40	40	66	38	23	85	32
gene_1300	20	37	34	29	34	41	28	36	43	33	35
gene_1301	182	150	153	109	149	130	152	132	100	179	147
gene_1302	6	15	2	11	7	2	5	7	2	3	4
gene_1303	0	9	0	1	5	4	1	7	0	1	11
gene_1304	5	2	4	8	11	8	5	4	3	0	0
gene_1305	18	12	20	23	19	20	11	12	25	16	6
gene_1306	176	388	257	183	140	74	107	146	48	193	254
gene_1307	0	0	0	5	1	0	1	1	0	0	2
gene_1308	29	28	28	31	28	52	31	42	55	38	34
gene_1309	1	0	1	0	0	1	1	0	0	0	1
gene_1310	82	166	82	66	86	37	200	73	65	98	83
gene_1311	12	9	2	6	5	4	5	3	0	4	4
gene_1312	114	71	97	84	169	203	99	127	100	101	180
gene_1313	11	32	60	65	20	87	16	17	72	52	28
gene_1314	89	135	94	85	78	130	101	110	81	87	129
gene_1315	27	15	13	7	25	22	15	23	25	38	13
gene_1316	4	13	5	3	10	0	1	1	0	55	1
gene_1317	127	141	133	111	155	118	137	141	125	106	137
gene_1318	51	67	55	49	47	47	51	53	59	63	57
gene_1319	12	29	23	29	14	27	20	36	25	16	12
gene_1320	0	8	0	0	0	0	2	0	9	0	2
gene_1321	17	11	9	9	7	18	10	13	11	7	24
gene_1322	10	12	5	5	12	8	10	9	6	17	4
gene_1323	2	1	1	2	2	0	3	11	0	7	0
gene_1324	0	0	3	0	3	0	0	2	1	0	1
gene_1325	10	6	10	8	14	11	6	16	12	13	21
gene_1326	296	218	176	241	162	197	130	238	292	220	244
gene_1327	195	248	151	246	165	228	228	193	245	194	181
gene_1328	28	54	32	75	75	74	5	36	41	44	67
gene_1329	1	0	1	0	0	0	0	1	0	4	0
gene_1330	57	36	38	57	67	98	32	25	55	53	43
gene_1331	16	10	5	11	12	13	5	12	8	3	12
gene_1332	2	3	5	1	1	2	0	1	2	1	2
gene_1333	7	2	7	4	2	2	4	1	4	11	6
gene_1334	45	28	28	44	40	35	26	33	28	38	29
gene_1335	98	69	47	78	87	83	62	66	72	72	61
gene_1336	0	0	0	2	1	2	6	0	0	0	0
gene_1337	3	15	32	26	1	11	1	13	69	0	48
gene_1338	147	137	106	123	107	85	126	75	116	130	123
gene_1339	27	135	29	67	21	27	38	62	27	23	67
gene_1340	16	4	1	0	4	0	0	0	3	0	3
gene_1341	215	219	172	229	233	195	273	257	270	327	203
gene_1342	3	1	0	1	3	0	2	0	5	1	1
gene_1343	1	2	2	14	8	3	2	1	1	10	0
gene_1344	22	10	12	17	11	20	11	16	14	18	24
gene_1345	0	1	3	0	14	6	10	0	3	11	6
gene_1346	5	0	0	23	8	6	6	3	3	4	4
gene_1347	1	1	2	0	0	1	6	5	7	11	2
gene_1348	1	5	5	11	4	0	4	3	2	0	1
gene_1349	0	0	0	0	0	0	4	0	0	1	2
gene_1350	4	1	7	6	7	11	7	5	4	0	6
gene_1351	4	16	59	2	6	30	9	13	15	19	35
gene_1352	45	103	53	63	20	54	78	99	84	97	50
gene_1353	26	13	8	29	26	24	22	12	20	21	26
gene_1354	40	49	62	41	41	25	34	33	19	18	50
gene_1355	35	102	18	50	31	48	92	46	47	72	23
gene_1356	157	172	186	241	197	167	129	161	184	219	226
gene_1357	14	31	31	19	31	13	23	19	28	8	6
gene_1358	1	7	2	3	3	4	2	8	13	4	5
gene_1359	0	11	0	0	0	2	4	2	0	3	0
gene_1360	86	95	153	147	137	104	147	98	105	100	140
gene_1361	3	2	1	10	2	8	0	0	16	1	0
gene_1362	0	8	0	18	0	1	6	13	0	0	0
gene_1363	23	45	12	31	60	35	57	63	61	23	51
gene_1364	14	2	0	5	1	0	0	10	0	1	1
gene_1365	17	15	17	5	12	47	4	8	12	23	17
gene_1366	2	2	8	6	0	7	5	5	4	1	1
gene_1367	23	11	28	63	44	36	27	37	31	89	50
gene_1368	0	1	0	0	0	0	1	0	2	0	0
gene_1369	21	86	22	11	15	18	106	24	32	39	37
gene_1370	89	106	76	125	118	138	100	91	97	116	63
gene_1371	26	86	147	55	29	9	46	87	113	42	103
gene_1372	0	2	0	9	14	3	16	17	7	1	5
gene_1373	2	102	11	12	39	87	38	39	225	307	232
gene_1374	45	27	57	43	39	26	35	43	57	48	44
gene_1375	4	0	6	4	0	0	3	0	6	1	1
gene_1376	0	0	0	0	0	0	1	0	0	0	1
gene_1377	25	19	18	16	19	20	22	18	32	23	20
gene_1378	2	0	2	0	6	0	1	0	1	0	0
gene_1379	11	4	15	2	2	10	11	24	9	6	6
gene_1380	0	0	36	0	15	11	0	0	1	12	6
gene_1381	8	6	11	4	8	10	8	6	5	1	4
gene_1382	14	48	30	21	9	115	58	301	10	13	40
gene_1383	18	31	24	28	18	22	27	29	18	19	20
gene_1384	497	346	529	243	462	571	293	366	153	239	425
gene_1385	3	0	1	2	0	0	0	3	0	3	8
gene_1386	27	19	30	20	28	22	23	23	23	14	22
gene_1387	111	163	159	136	99	190	176	308	197	101	116
gene_1388	0	0	1	0	0	0	0	0	0	0	0
gene_1389	176	198	168	208	115	157	149	180	140	180	157
gene_1390	316	696	415	555	365	952	979	610	782	1263	665
gene_1391	1	0	0	0	1	0	0	0	2	3	0
gene_1392	16	8	21	22	7	25	28	17	19	32	20
gene_1393	1	2	6	13	6	6	13	3	1	2	0
gene_1394	0	1	0	1	0	0	0	0	0	0	0
gene_1395	16	13	27	14	21	19	3	31	43	31	19
gene_1396	71	68	55	37	39	159	76	85	79	42	63
gene_1397	24	13	18	16	8	21	10	24	25	26	5
gene_1398	3	4	19	22	15	8	29	12	3	3	7
gene_1399	131	145	109	93	167	106	123	148	125	133	111
gene_1400	6	2	8	3	13	0	0	2	2	4	3
gene_1401	4	5	4	9	6	5	4	5	3	0	4
gene_1402	450	380	567	696	248	611	468	640	103	351	256
gene_1403	1	0	0	0	0	4	3	1	0	1	0
gene_1404	261	144	246	207	250	163	397	274	169	200	127
gene_1405	9	12	8	12	5	14	72	34	34	36	39
gene_1406	7	3	2	1	6	2	0	1	0	0	7
gene_1407	20	18	34	34	24	16	20	36	37	71	18
gene_1408	9	4	14	1	6	8	16	2	5	3	16
gene_1409	1	5	1	3	2	0	0	8	0	2	3
gene_1410	73	117	77	83	75	133	130	95	79	80	96
gene_1411	3	2	12	22	4	19	1	10	0	13	0
gene_1412	57	57	59	44	40	38	62	87	91	54	60
gene_1413	4	34	8	23	11	6	20	9	19	20	3
gene_1414	22	1	0	1	1	1	1	7	44	2	13
gene_1415	145	114	91	134	124	155	130	118	131	149	97
gene_1416	15	37	28	37	54	33	21	23	48	23	12
gene_1417	8	14	3	12	10	8	12	9	15	9	19
gene_1418	0	1	0	1	0	1	0	0	0	0	0
gene_1419	0	0	1	1	0	0	0	0	0	0	0
gene_1420	31	28	33	31	39	30	26	37	43	31	25
gene_1421	84	92	11	21	102	27	62	74	28	112	18
gene_1422	113	106	63	75	127	66	109	96	71	126	134
gene_1423	210	206	226	172	211	207	199	214	200	222	208
gene_1424	16	19	13	6	17	19	15	9	11	20	10
gene_1425	211	168	209	195	241	239	231	201	238	181	180
gene_1426	98	62	19	10	101	8	82	85	57	97	82
gene_1427	2	1	18	3	2	2	0	0	0	2	2
gene_1428	0	0	4	7	0	1	1	2	3	3	7
gene_1429	0	0	4	3	2	0	2	0	2	2	1
gene_1430	10	5	25	6	17	20	8	20	33	18	3
gene_1431	16	21	7	10	2	7	7	5	7	7	17
gene_1432	45	53	40	33	43	45	49	74	35	78	47
gene_1433	31	30	15	30	8	29	28	38	24	29	19
gene_1434	651	611	564	360	601	564	249	608	727	604	442
gene_1435	3	13	0	2	10	12	0	19	1	18	17
gene_1436	79	51	48	37	46	49	68	43	54	30	48
gene_1437	175	139	186	156	140	164	160	200	156	170	171
gene_1438	0	0	0	8	0	0	0	1	1	0	7
gene_1439	0	0	1	1	0	0	0	0	0	1	0
gene_1440	2	4	1	0	0	4	0	0	0	1	0
gene_1441	123	128	122	91	125	114	129	120	152	115	119
gene_1442	56	44	35	21	56	50	56	103	95	27	6
gene_1443	0	1	0	0	1	0	0	0	0	0	0
gene_1444	0	0	0	0	0	1	0	0	0	2	0
gene_1445	29	5	0	0	4	4	5	5	0	0	11
gene_1446	0	2	1	0	0	0	0	0	0	1	1
gene_1447	0	0	4	0	0	0	1	2	1	0	4
gene_1448	0	1	0	5	0	0	0	0	0	0	0
gene_1449	0	0	1	0	0	0	0	0	0	0	1
gene_1450	2	0	0	2	3	2	1	0	6	1	0
gene_1451	189	173	174	200	189	193	188	204	184	185	157
gene_1452	2	0	0	6	0	0	0	6	2	2	0
gene_1453	12	13	2	12	4	1	12	11	11	6	8
gene_1454	1	3	1	0	2	2	2	1	4	1	3
gene_1455	47	63	42	53	54	49	42	70	60	52	39
gene_1456	6	3	10	3	11	5	2	9	3	6	4
gene_1457	1	0	0	1	0	1	3	0	2	0	0
gene_1458	69	58	68	85	28	73	75	63	58	64	41
gene_1459	63	60	69	55	71	67	47	57	96	78	72
gene_1460	0	5	5	4	13	0	15	21	1	25	1
gene_1461	4066	3510	797	2570	2496	2089	1980	809	2243	1189	1384
gene_1462	1	0	2	2	5	0	3	4	16	1	0
gene_1463	50	35	41	49	23	24	36	47	45	47	33
gene_1464	9	8	13	8	3	12	4	15	1	0	21
gene_1465	1	0	0	1	0	0	0	2	3	0	1
gene_1466	0	0	1	0	4	3	2	0	2	4	2
gene_1467	8	6	3	1	6	2	3	1	7	6	5
gene_1468	209	147	119	462	152	304	69	124	108	272	161
gene_1469	183	177	245	109	217	196	189	253	183	172	221
gene_1470	28	18	13	28	25	19	33	11	25	29	22
gene_1471	1	3	3	0	6	5	4	3	4	0	0
gene_1472	0	1	0	6	0	1	1	0	0	0	0
gene_1473	25	6	6	15	17	17	10	16	5	15	27
gene_1474	54	3	7	0	0	4	1	10	1	30	0
gene_1475	0	8	0	1	2	0	0	1	0	1	1
gene_1476	51	29	40	19	14	38	8	7	23	65	30
gene_1477	1	1	8	13	7	27	0	24	19	7	3
gene_1478	280	343	417	422	366	215	564	252	249	415	428
gene_1479	0	0	0	0	0	0	0	0	1	0	2
gene_1480	0	6	3	0	4	12	14	4	3	4	6
gene_1481	91	98	71	176	172	99	127	151	113	81	142
gene_1482	4	5	9	9	0	1	5	0	3	2	1
gene_1483	24	28	40	26	23	52	43	33	26	44	47
gene_1484	20	38	11	40	9	10	27	12	9	23	82
gene_1485	26	19	30	28	17	20	22	22	42	19	24
gene_1486	40	12	41	22	16	14	16	48	39	19	24
gene_1487	309	330	160	113	450	166	196	278	160	222	155
gene_1488	20	17	6	19	14	11	12	23	22	14	16
gene_1489	0	0	0	0	0	0	1	0	0	0	2
gene_1490	123	75	88	91	77	83	86	101	103	85	150
gene_1491	2	7	7	1	3	2	2	3	4	2	1
gene_1492	5	25	23	15	9	43	15	5	8	11	7
gene_1493	24	31	38	26	29	34	30	28	37	33	38
gene_1494	31	14	65	21	51	52	70	32	11	16	33
gene_1495	21	17	14	26	31	35	10	16	31	18	30
gene_1496	439	285	213	259	392	308	277	280	195	318	375
gene_1497	194	222	234	283	165	168	174	191	116	150	141
gene_1498	2	1	0	0	0	2	3	8	6	3	10
gene_1499	28	15	23	36	24	42	16	44	20	23	32
gene_1500	109	93	145	110	112	93	145	130	111	89	138
gene_1501	1	2	4	0	0	1	14	14	6	7	0
gene_1502	71	115	44	85	75	31	35	69	8	28	26
gene_1503	11	0	1	0	0	9	0	0	0	0	0
gene_1504	64	49	30	22	36	256	83	121	39	47	9
gene_1505	0	0	0	1	3	0	3	1	0	0	1
gene_1506	4	12	9	4	8	1	11	4	0	3	7
gene_1507	16	10	17	4	6	13	14	13	14	12	5
gene_1508	0	4	4	1	2	0	5	0	5	2	2
gene_1509	6	37	15	4	6	7	9	6	5	12	5
gene_1510	16	15	11	9	15	7	12	6	22	12	11
gene_1511	82	152	38	329	30	281	61	349	168	182	147
gene_1512	0	8	0	0	0	0	0	7	1	14	0
gene_1513	5	0	1	1	7	14	28	0	2	1	4
gene_1514	17	2	6	13	37	14	5	4	17	21	0
gene_1515	7	0	1	0	3	4	0	1	1	3	0
gene_1516	65	73	59	33	61	45	37	51	56	59	48
gene_1517	11	22	19	8	28	1	5	12	27	10	38
gene_1518	1	2	7	4	6	2	2	0	4	0	0
gene_1519	0	1	0	0	1	0	0	0	0	0	1
gene_1520	0	2	2	0	1	0	1	0	0	1	1
gene_1521	24	20	13	18	29	15	19	24	23	15	17
gene_1522	31	19	36	46	28	42	30	49	39	35	54
gene_1523	5	3	3	2	5	1	1	1	0	3	0
gene_1524	53	77	25	33	17	39	25	50	27	7	55
gene_1525	4	3	0	0	2	0	4	8	0	2	3
gene_1526	50	59	23	32	58	25	40	38	9	51	68
gene_1527	31	18	38	29	13	23	39	31	29	39	19
gene_1528	0	2	5	11	34	0	52	0	0	1	36
gene_1529	1	0	0	1	1	0	0	0	1	7	1
gene_1530	36	43	53	69	68	84	94	66	80	129	39
gene_1531	524	386	261	598	392	381	380	465	284	236	292
gene_1532	0	1	1	37	0	12	16	3	1	0	23
gene_1533	8	24	9	11	18	15	9	14	10	12	20
gene_1534	2	0	0	0	3	1	2	0	0	0	1
gene_1535	22	47	43	30	27	43	37	42	32	38	35
gene_1536	261	197	225	342	256	140	189	183	285	246	344
gene_1537	4	1	0	0	1	2	2	0	0	6	0
gene_1538	9	18	3	1	0	1	0	8	0	0	2
gene_1539	9	32	30	66	28	53	31	76	29	37	31
gene_1540	31	35	46	32	52	42	55	39	72	60	42
gene_1541	2	0	1	0	0	1	0	0	5	1	0
gene_1542	2	4	7	20	8	7	18	2	5	10	2
gene_1543	27	15	26	8	22	15	13	29	15	14	16
gene_1544	207	153	176	152	159	189	190	158	200	164	169
gene_1545	77	101	71	58	73	133	78	57	109	68	94
gene_1546	1	8	0	3	0	2	0	0	0	0	0
gene_1547	2	4	1	4	4	5	0	7	7	3	0
gene_1548	162	155	179	181	136	172	106	125	114	143	148
gene_1549	5	0	0	0	2	0	3	1	4	2	0
gene_1550	2	3	9	3	1	4	4	1	4	3	5
gene_1551	339	420	345	326	421	412	406	415	418	367	399
gene_1552	1	3	0	1	0	2	0	1	1	0	1
gene_1553	4	4	9	1	1	0	5	10	4	2	7
gene_1554	1	1	2	1	0	0	2	0	10	3	1
gene_1555	21	14	20	10	10	15	18	5	15	17	16
gene_1556	1	9	0	1	0	0	1	8	0	1	0
gene_1557	45	110	62	74	67	72	37	38	45	53	48
gene_1558	8	16	3	8	0	1	17	16	5	12	15
gene_1559	56	42	81	53	82	66	54	74	62	73	73
gene_1560	0	1	0	0	1	0	0	0	0	2	0
gene_1561	5	11	1	4	5	10	3	9	4	6	15
gene_1562	5	0	0	4	0	4	0	4	2	4	0
gene_1563	232	175	240	191	302	175	182	228	172	197	224
gene_1564	0	14	2	0	0	23	19	0	30	2	0
gene_1565	20	24	25	34	27	24	36	21	35	30	33
gene_1566	31	0	3	4	7	0	10	3	14	14	3
gene_1567	0	5	1	0	4	11	0	0	4	0	9
gene_1568	158	102	72	107	147	94	202	184	101	55	40
gene_1569	21	42	19	33	86	81	58	45	25	52	52
gene_1570	222	171	39	365	150	173	155	108	388	493	25
gene_1571	33	69	57	71	30	55	62	61	39	49	47
gene_1572	440	246	221	326	175	325	205	144	346	224	353
gene_1573	0	0	3	0	2	2	0	0	0	0	2
gene_1574	11	5	14	16	3	3	9	14	4	6	4
gene_1575	54	18	64	140	56	25	27	90	47	145	42
gene_1576	25	35	9	12	22	12	17	25	21	33	19
gene_1577	27	41	8	7	16	3	13	16	11	5	19
gene_1578	499	458	364	346	501	469	697	662	619	431	453
gene_1579	105	109	59	57	53	154	129	135	135	89	109
gene_1580	0	35	4	0	6	0	0	2	16	2	8
gene_1581	63	1	0	0	37	38	18	3	0	8	10
gene_1582	1	0	4	7	2	4	2	3	0	3	5
gene_1583	4	5	6	4	2	6	7	5	5	13	4
gene_1584	5	7	15	47	12	4	3	12	5	38	19
gene_1585	0	0	0	0	0	3	0	0	0	3	0
gene_1586	22	40	24	25	20	15	36	36	21	13	27
gene_1587	3	27	170	60	21	63	38	0	105	33	54
gene_1588	0	3	1	0	1	0	1	1	1	1	0
gene_1589	11	20	11	21	28	6	25	14	4	17	12
gene_1590	23	28	24	34	21	38	17	42	33	18	20
gene_1591	70	77	75	76	84	69	62	69	64	64	72
gene_1592	173	200	160	226	163	197	162	237	107	156	196
gene_1593	106	68	76	56	41	34	21	28	51	59	140
gene_1594	575	477	594	711	458	711	508	405	741	475	558
gene_1595	81	87	71	69	55	66	102	69	80	103	53
gene_1596	39	28	5	36	23	27	26	27	16	31	13
gene_1597	1	2	0	1	0	1	0	1	1	0	0
gene_1598	147	126	91	167	127	159	83	105	221	188	100
gene_1599	1	1	3	0	2	0	0	0	0	0	0
gene_1600	81	60	47	49	48	30	42	102	58	81	42
gene_1601	14	19	5	8	12	21	3	5	8	3	3
gene_1602	36	38	28	40	33	30	33	37	36	43	40
gene_1603	20	12	9	1	5	7	10	13	8	18	7
gene_1604	235	237	292	276	137	656	432	713	791	500	480
gene_1605	49	57	56	50	40	49	57	56	48	51	66
gene_1606	0	5	1	0	1	5	0	5	33	1	4
gene_1607	10	5	2	4	8	1	5	3	2	3	6
gene_1608	0	0	0	6	2	0	1	1	2	1	1
gene_1609	10	10	5	5	6	0	7	6	2	8	5
gene_1610	22	22	10	21	5	30	17	31	14	6	13
gene_1611	25	8	5	8	23	21	9	9	6	8	8
gene_1612	569	603	612	432	520	580	466	647	518	622	636
gene_1613	109	129	122	160	78	181	183	166	137	130	137
gene_1614	3	9	6	1	4	12	2	4	4	7	4
gene_1615	19	3	9	8	8	7	9	17	7	7	2
gene_1616	145	114	132	136	114	135	124	146	137	130	152
gene_1617	10	9	7	11	7	1	9	10	9	10	8
gene_1618	22	33	38	13	16	31	29	22	12	30	45
gene_1619	85	97	206	110	181	110	73	77	52	71	77
gene_1620	0	0	0	2	0	0	0	12	0	0	0
gene_1621	109	151	109	98	100	74	132	88	100	64	112
gene_1622	0	6	6	1	4	6	4	1	4	0	2
gene_1623	29	18	76	33	15	67	6	21	41	12	17
gene_1624	0	0	0	0	2	1	0	0	1	3	0
gene_1625	44	56	38	44	52	40	36	37	45	21	43
gene_1626	0	0	0	1	0	0	2	2	2	0	0
gene_1627	31	0	4	1	0	3	3	2	2	4	1
gene_1628	2	4	2	2	4	4	3	1	0	1	3
gene_1629	87	71	80	84	100	70	68	75	79	82	108
gene_1630	3	49	14	0	44	3	2	1	1	1	23
gene_1631	869	865	966	796	811	785	841	810	744	733	703
gene_1632	78	88	45	123	57	82	68	91	92	75	96
gene_1633	4	5	6	8	3	6	7	4	6	4	3
gene_1634	1	4	1	1	0	0	0	1	0	0	1
gene_1635	308	410	325	204	316	263	375	346	292	381	233
gene_1636	17	4	9	14	8	21	8	12	7	21	13
gene_1637	4	10	8	6	14	8	6	5	4	7	7
gene_1638	3	6	4	10	1	7	12	7	5	4	11
gene_1639	203	241	241	128	139	295	360	218	124	189	114
gene_1640	174	247	210	233	352	301	500	753	101	346	411
gene_1641	150	204	151	118	178	146	173	154	133	136	145
gene_1642	42	29	25	39	39	29	48	35	38	44	37
gene_1643	77	109	63	110	81	89	151	73	92	113	117
gene_1644	3	9	8	2	6	9	6	4	6	5	2
gene_1645	0	0	0	1	1	0	0	0	0	0	0
gene_1646	221	238	327	587	197	412	383	198	298	353	278
gene_1647	9	11	0	1	1	3	7	12	8	0	0
gene_1648	12	2	3	0	4	71	1	24	8	1	13
gene_1649	112	86	71	74	56	44	123	55	66	128	87
gene_1650	52	71	52	52	72	45	59	43	53	47	82
gene_1651	2	2	2	7	7	3	8	9	3	4	9
gene_1652	1	0	1	0	0	0	2	2	6	1	0
gene_1653	125	47	51	82	59	60	35	86	37	64	103
gene_1654	0	2	0	1	1	2	0	5	0	0	1
gene_1655	150	291	233	501	444	379	449	341	389	278	370
gene_1656	5	4	6	4	8	6	3	2	9	9	4
gene_1657	0	23	1	0	0	7	3	4	5	8	1
gene_1658	2	0	29	34	14	1	7	0	3	4	13
gene_1659	43	2	89	38	6	25	38	28	37	5	83
gene_1660	54	51	53	71	51	73	74	62	53	57	62
gene_1661	20	22	23	22	35	16	32	19	23	28	23
gene_1662	69	61	82	45	73	73	58	49	54	70	53
gene_1663	13	7	10	4	9	10	6	14	15	6	2
gene_1664	29	30	24	16	19	23	39	19	13	25	9
gene_1665	48	54	31	22	4	45	19	25	11	33	29
gene_1666	134	64	7	46	170	17	61	57	164	134	58
gene_1667	493	526	663	543	756	494	691	330	883	936	841
gene_1668	0	1	0	0	0	0	0	0	3	1	1
gene_1669	0	4	1	1	0	0	2	0	6	0	1
gene_1670	26	47	30	51	30	27	36	20	38	8	41
gene_1671	73	142	148	168	163	104	66	206	84	298	89
gene_1672	8	6	41	0	15	28	6	4	7	6	11
gene_1673	102	99	78	66	122	129	85	126	57	48	60
gene_1674	14	0	1	7	0	0	5	0	0	61	3
gene_1675	7	2	10	7	4	7	7	4	9	0	9
gene_1676	11	17	17	21	22	8	13	35	11	13	8
gene_1677	161	80	96	102	157	116	111	107	162	111	66
gene_1678	7	3	4	9	16	7	5	0	3	2	4
gene_1679	29	26	36	19	33	22	19	22	34	23	27
gene_1680	1	2	6	0	4	21	16	1	1	7	8
gene_1681	47	7	30	35	11	31	34	27	56	16	32
gene_1682	3	2	1	2	1	2	4	4	4	2	3
gene_1683	16	20	24	14	11	25	22	27	28	21	15
gene_1684	7	2	11	3	8	10	7	4	19	3	3
gene_1685	0	0	0	0	0	0	1	2	0	2	0
gene_1686	3	2	1	5	6	8	2	5	2	3	0
gene_1687	2	0	0	0	4	1	3	0	0	4	1
gene_1688	49	55	23	14	19	24	32	10	24	7	19
gene_1689	406	371	425	356	392	473	402	401	393	398	427
gene_1690	113	139	65	140	75	74	93	50	116	168	38
gene_1691	1	2	10	4	12	3	4	0	14	1	4
gene_1692	98	57	17	4	38	59	7	69	25	30	17
gene_1693	126	86	94	80	50	115	60	50	82	67	84
gene_1694	85	51	62	58	59	40	38	56	42	42	34
gene_1695	71	73	72	96	73	98	91	94	86	101	71
gene_1696	0	0	1	2	0	0	3	1	0	2	2
gene_1697	59	61	39	84	42	48	62	72	52	54	37
gene_1698	0	2	0	0	0	0	5	19	22	21	9
gene_1699	0	7	0	2	1	15	7	9	0	1	0
gene_1700	3	9	0	0	2	0	19	5	1	0	0
gene_1701	8	19	37	34	15	22	10	26	18	38	23
gene_1702	122	188	72	56	158	67	34	8	192	53	163
gene_1703	10146	6254	7331	19968	15084	4790	21514	33683	10156	30879	34728
gene_1704	78	81	92	82	62	83	82	88	88	83	89
gene_1705	0	1	0	3	25	4	1	4	0	1	6
gene_1706	42	11	7	0	7	2	37	45	7	10	5
gene_1707	63	33	87	56	51	43	64	66	87	106	102
gene_1708	13	0	58	1	10	16	18	7	15	6	4
gene_1709	9	6	7	5	13	7	10	4	8	18	8
gene_1710	7	59	1	18	10	28	18	25	7	20	9
gene_1711	360	312	361	346	370	341	366	310	357	356	324
gene_1712	0	0	2	4	0	2	1	0	1	2	0
gene_1713	7	2	30	5	4	6	16	19	9	16	19
gene_1714	51	50	81	37	68	79	45	64	64	38	32
gene_1715	548	63	416	320	211	229	220	103	143	160	102
gene_1716	68	196	191	258	115	384	97	116	99	147	187
gene_1717	60	29	56	77	61	56	49	60	58	47	62
gene_1718	50	47	63	72	23	64	35	104	31	45	68
gene_1719	95	64	75	69	106	123	94	76	109	154	98
gene_1720	110	79	78	95	92	68	76	114	60	103	99
gene_1721	315	257	225	238	297	285	302	316	265	357	322
gene_1722	26	42	26	9	14	14	17	20	9	30	15
gene_1723	88	61	110	80	84	125	125	86	58	94	117
gene_1724	19	18	15	5	16	16	14	6	27	10	9
gene_1725	9	0	2	1	10	23	17	4	23	1	0
gene_1726	51	86	50	45	6	4	40	8	39	39	37
gene_1727	45	38	38	44	33	45	37	33	37	36	36
gene_1728	5	5	3	1	8	19	9	5	7	1	26
gene_1729	1	2	1	29	0	0	24	2	0	3	0
gene_1730	17	15	17	15	15	13	11	17	10	20	21
gene_1731	146	216	164	144	154	77	152	142	210	138	217
gene_1732	169	158	189	194	107	131	147	153	120	161	202
gene_1733	116	165	130	137	121	47	145	174	122	127	53
gene_1734	1	2	0	0	1	0	0	0	4	2	0
gene_1735	25	42	47	48	29	37	39	52	23	45	54
gene_1736	46	11	23	27	77	38	46	64	37	18	35
gene_1737	25	17	26	16	40	29	25	42	22	20	27
gene_1738	105	113	110	87	126	93	135	86	124	98	89
gene_1739	13	19	17	11	16	19	24	13	8	15	13
gene_1740	0	0	0	0	15	0	4	5	0	12	0
gene_1741	260	268	202	216	243	258	242	249	263	220	224
gene_1742	90	66	116	117	128	109	105	80	142	110	157
gene_1743	1	0	1	0	0	0	0	1	1	0	1
gene_1744	3	0	0	0	2	1	2	4	6	0	1
gene_1745	31	49	73	60	70	36	56	42	66	25	63
gene_1746	20	42	18	20	23	38	14	48	24	26	34
gene_1747	1	6	2	1	0	1	1	1	5	1	5
gene_1748	98	35	31	66	81	46	61	74	88	103	57
gene_1749	66	63	51	49	42	38	42	58	41	79	92
gene_1750	20	23	18	16	23	21	19	24	24	19	26
gene_1751	302	278	282	525	631	366	827	216	390	371	241
gene_1752	6	20	12	71	13	20	12	13	27	23	7
gene_1753	32	17	13	24	40	21	9	28	24	14	23
gene_1754	119	58	101	79	119	37	80	108	34	86	71
gene_1755	0	0	4	6	3	9	4	3	1	1	0
gene_1756	547	391	791	608	394	1060	858	583	487	481	483
gene_1757	10	0	1	0	6	3	5	2	1	3	4
gene_1758	49	43	24	25	4	14	9	14	107	40	18
gene_1759	104	98	87	88	109	120	101	92	95	108	70
gene_1760	9	10	6	12	25	1	1	1	5	18	14
gene_1761	1	0	4	0	1	2	2	0	0	3	2
gene_1762	112	50	89	123	122	23	101	80	50	126	44
gene_1763	0	17	28	6	2	56	27	17	20	46	16
gene_1764	355	398	308	250	329	286	326	251	304	544	288
gene_1765	137	40	29	52	64	117	48	50	37	40	53
gene_1766	52	52	66	20	18	38	69	60	19	46	19
gene_1767	206	553	238	214	231	195	79	110	66	178	539
gene_1768	79	133	102	122	81	38	103	65	61	79	57
gene_1769	326	158	121	209	307	146	333	268	119	199	99
gene_1770	546	950	900	888	607	637	1010	703	433	480	912
gene_1771	58	15	31	49	21	80	21	35	34	49	59
gene_1772	7	8	5	8	3	7	2	0	2	0	14
gene_1773	29	29	32	21	33	33	23	42	33	33	36
gene_1774	28	70	28	11	10	20	29	23	20	14	34
gene_1775	7	5	6	13	18	10	9	15	14	7	11
gene_1776	5	29	0	2	1	4	1	1	1	14	5
gene_1777	0	2	1	0	0	0	0	0	0	0	0
gene_1778	1	1	0	1	0	0	1	1	12	1	0
gene_1779	1	14	1	0	0	0	1	7	4	0	8
gene_1780	168	218	196	170	94	117	186	216	222	209	173
gene_1781	171	258	142	169	210	221	244	152	242	275	228
gene_1782	1	1	7	0	0	1	1	0	13	1	2
gene_1783	0	0	3	0	0	1	0	21	0	0	1
gene_1784	0	0	1	0	0	2	0	0	0	3	0
gene_1785	1	1	2	0	0	3	0	3	0	0	1
gene_1786	39	40	41	48	52	25	52	37	38	69	45
gene_1787	116	73	79	125	78	91	49	69	109	105	79
gene_1788	6	3	3	10	0	31	10	28	31	10	1
gene_1789	99	147	127	108	99	99	94	118	107	130	116
gene_1790	64	33	37	60	39	33	106	41	31	45	55
gene_1791	38	67	52	44	57	29	47	62	34	34	76
gene_1792	60	67	105	72	73	80	82	68	77	47	81
gene_1793	131	83	122	109	87	123	70	83	223	86	90
gene_1794	157	179	215	235	179	189	166	260	282	177	164
gene_1795	17	8	45	54	37	40	43	26	20	36	50
gene_1796	69	77	58	148	132	72	99	51	118	90	127
gene_1797	11	24	10	52	12	19	19	27	41	27	15
gene_1798	29	40	9	54	26	49	13	5	39	55	41
gene_1799	10	15	10	21	9	16	12	24	23	14	20
gene_1800	0	1	4	1	4	9	0	4	2	0	3
gene_1801	290	320	198	288	172	211	259	287	271	189	225
gene_1802	0	2	0	0	0	0	0	1	0	1	1
gene_1803	107	27	90	12	3	275	9	84	6	25	39
gene_1804	44	57	60	52	63	54	57	54	61	40	43
gene_1805	10	1	2	6	6	4	4	5	3	6	3
gene_1806	50	17	41	25	91	51	28	35	48	51	87
gene_1807	4	8	1	11	8	13	10	8	7	13	7
gene_1808	5	7	102	89	31	18	40	21	149	1	20
gene_1809	0	0	4	0	1	0	3	7	1	2	0
gene_1810	0	1	6	26	0	1	16	2	3	5	10
gene_1811	28	24	19	36	35	20	28	28	34	16	22
gene_1812	8	2	0	2	1	1	0	0	1	12	2
gene_1813	6	27	6	3	11	6	14	13	10	31	9
gene_1814	8	9	10	10	16	10	17	11	11	5	12
gene_1815	6	4	5	4	6	8	0	6	3	4	8
gene_1816	87	28	45	6	10	59	8	27	14	43	56
gene_1817	39	49	151	24	32	50	83	14	92	90	56
gene_1818	101	8	25	8	101	10	4	38	63	27	30
gene_1819	45	81	63	37	53	36	60	43	50	49	51
gene_1820	26	54	89	62	8	61	29	114	10	40	42
gene_1821	63	50	52	31	27	33	47	37	54	39	28
gene_1822	4	4	3	20	7	0	12	5	8	22	6
gene_1823	84	96	90	85	101	94	101	97	85	130	120
gene_1824	227	205	291	298	272	307	256	245	235	156	308
gene_1825	13	21	12	2	24	4	14	7	1	15	12
gene_1826	2	2	1	2	2	0	10	4	2	1	5
gene_1827	67	59	58	63	65	61	38	74	74	60	54
gene_1828	220	199	253	236	209	200	185	198	210	212	204
gene_1829	9	8	11	13	11	11	7	13	6	5	12
gene_1830	0	0	2	0	6	1	16	0	1	0	0
gene_1831	66	31	46	32	56	53	44	40	28	39	69
gene_1832	54	73	30	57	74	60	52	54	69	23	47
gene_1833	2	5	0	7	1	2	6	0	2	0	0
gene_1834	22	19	26	8	32	26	19	14	12	28	11
gene_1835	42	51	60	32	17	23	17	48	32	38	27
gene_1836	1	5	0	1	0	1	2	0	4	0	4
gene_1837	16	14	15	16	13	9	15	10	17	5	16
gene_1838	0	0	1	0	0	0	2	0	0	2	1
gene_1839	279	326	455	334	368	264	196	270	309	243	267
gene_1840	12	11	12	15	11	13	12	8	12	8	5
gene_1841	2	2	0	2	5	0	0	1	4	2	1
gene_1842	1	0	0	0	0	0	0	0	3	0	0
gene_1843	13	15	28	26	10	16	21	7	12	19	23
gene_1844	22	17	20	40	25	16	20	19	27	34	16
gene_1845	1	0	3	0	0	1	1	0	0	0	1
gene_1846	17	21	33	44	31	75	26	17	48	59	29
gene_1847	277	300	393	218	362	296	275	379	422	420	364
gene_1848	55	79	175	234	82	143	24	135	120	182	174
gene_1849	0	0	0	1	0	2	0	0	0	9	0
gene_1850	0	4	0	15	8	0	3	0	0	0	9
gene_1851	7	7	6	3	11	6	10	4	9	7	10
gene_1852	13	10	51	1	47	9	42	8	11	2	17
gene_1853	11	4	6	1	1	4	4	4	3	5	3
gene_1854	143	159	334	317	200	317	122	148	262	247	108
gene_1855	258	201	150	170	190	183	306	145	247	65	414
gene_1856	82	103	121	93	73	85	132	136	102	115	81
gene_1857	5	3	6	3	3	3	3	1	5	3	3
gene_1858	44	23	25	20	29	36	53	36	37	32	55
gene_1859	1	0	1	1	0	1	0	3	2	0	0
gene_1860	44	33	31	21	28	60	41	40	43	52	42
gene_1861	10	17	14	19	25	38	23	9	7	15	25
gene_1862	120	57	182	31	82	80	139	104	80	8	165
gene_1863	6	1	0	0	9	2	5	3	4	4	1
gene_1864	220	233	194	205	204	197	201	211	207	223	192
gene_1865	2	3	2	1	3	2	3	4	4	0	3
gene_1866	277	294	280	219	252	277	225	255	130	283	202
gene_1867	18	8	4	9	3	3	0	0	4	2	4
gene_1868	114	98	102	101	74	115	93	129	78	155	107
gene_1869	104	86	87	89	90	133	78	92	102	51	95
gene_1870	20	5	22	32	37	17	3	10	15	16	5
gene_1871	603	388	555	524	589	516	449	494	437	475	563
gene_1872	0	1	0	0	2	0	1	0	0	0	0
gene_1873	3	4	6	7	3	7	9	2	5	5	6
gene_1874	927	1053	1037	943	875	1049	845	784	676	816	660
gene_1875	27	32	20	18	8	2	8	5	10	5	13
gene_1876	3	3	5	2	0	10	0	4	6	4	0
gene_1877	42	187	149	281	48	76	87	247	120	117	136
gene_1878	55	69	4	14	62	23	36	28	23	35	58
gene_1879	3267	3536	3037	5470	3776	4810	3232	4876	3024	4778	3927
gene_1880	0	7	0	4	11	0	6	8	4	0	1
gene_1881	58	29	38	47	91	61	106	80	69	97	33
gene_1882	177	131	75	310	226	104	306	233	182	23	134
gene_1883	1	1	2	2	1	3	10	7	5	5	2
gene_1884	100	95	96	66	110	72	75	65	110	72	59
gene_1885	1	1	0	0	0	0	0	4	0	0	0
gene_1886	2	19	0	9	10	10	14	0	5	9	2
gene_1887	2	1	1	1	0	2	1	1	0	4	0
gene_1888	0	5	1	21	2	2	1	5	1	0	11
gene_1889	5	2	7	4	2	2	3	2	3	3	1
gene_1890	0	2	0	0	0	3	1	1	0	8	1
gene_1891	4	0	0	4	2	1	1	1	3	1	2
gene_1892	1	4	6	3	2	1	2	1	1	4	12
gene_1893	71	92	100	94	88	62	77	151	67	84	67
gene_1894	62	26	70	26	39	38	54	65	30	20	44
gene_1895	62	66	71	61	78	75	63	72	62	56	67
gene_1896	57	42	52	42	57	53	48	61	38	53	48
gene_1897	0	74	0	0	0	0	102	0	17	52	253
gene_1898	0	1	2	2	0	0	0	0	0	1	7
gene_1899	1	0	1	28	0	11	0	0	4	0	13
gene_1900	0	1	0	1	2	0	2	1	0	2	0
gene_1901	10	1	20	11	0	0	17	3	0	9	34
gene_1902	2	6	0	15	23	15	0	10	54	10	1
gene_1903	28	26	17	16	31	29	30	31	19	10	40
gene_1904	253	243	203	221	173	156	149	406	254	243	494
gene_1905	5	0	17	0	6	0	3	0	1	4	1
gene_1906	38	24	17	19	26	22	28	15	27	22	16
gene_1907	58	84	78	79	83	49	52	75	53	51	68
gene_1908	83	8	98	1	32	24	47	4	62	26	24
gene_1909	11	11	19	8	11	8	27	4	14	12	11
gene_1910	137	108	102	69	109	87	94	101	64	96	76
gene_1911	13	14	11	5	11	16	13	6	13	12	6
gene_1912	7	14	9	14	22	10	8	5	11	12	11
gene_1913	46	43	48	35	45	54	50	55	56	57	45
gene_1914	163	228	122	163	223	211	135	180	150	273	154
gene_1915	115	69	104	72	102	44	75	96	79	67	129
gene_1916	37	30	37	18	22	26	29	23	23	26	37
gene_1917	1	0	2	1	0	1	1	1	0	0	0
gene_1918	1	84	0	0	3	9	18	1	2	1	0
gene_1919	49	44	45	43	60	43	38	43	44	37	33
gene_1920	0	0	0	1	0	1	0	2	2	1	1
gene_1921	3	2	0	1	2	3	11	3	2	0	6
gene_1922	25	27	23	36	26	29	35	27	22	20	27
gene_1923	1	0	1	1	0	2	0	0	2	1	0
gene_1924	137	216	75	119	49	43	354	245	258	188	118
gene_1925	132	113	57	164	182	80	113	169	203	86	159
gene_1926	49	69	29	38	51	46	61	76	71	44	54
gene_1927	1	0	2	0	0	0	0	0	0	1	0
gene_1928	9	3	1	3	15	12	14	6	12	12	16
gene_1929	10	3	7	7	18	15	8	11	14	12	13
gene_1930	89	94	76	97	80	86	53	79	105	84	70
gene_1931	251	273	241	298	276	262	239	284	299	265	249
gene_1932	208	223	220	180	212	253	200	226	201	179	249
gene_1933	8	8	6	14	10	6	3	10	10	3	4
gene_1934	0	3	0	2	0	3	2	0	1	0	2
gene_1935	34	11	18	42	33	23	26	27	13	14	7
gene_1936	435	482	373	174	185	787	435	245	385	261	330
gene_1937	4	7	15	16	5	14	9	6	22	6	14
gene_1938	219	161	106	97	203	72	114	208	304	128	206
gene_1939	11	0	6	2	30	0	19	5	3	0	5
gene_1940	2	3	2	5	0	3	3	1	0	0	1
gene_1941	23	19	27	8	8	19	62	51	1	99	12
gene_1942	92	48	68	83	137	61	86	67	59	76	55
gene_1943	0	1	16	3	6	0	2	1	1	2	4
gene_1944	1	0	1	0	1	0	0	1	0	1	2
gene_1945	0	0	0	0	1	0	0	0	0	0	0
gene_1946	1	3	1	7	1	1	4	6	6	1	4
gene_1947	2	4	1	36	23	5	2	7	3	24	0
gene_1948	26	22	38	14	10	12	11	13	34	8	12
gene_1949	9	1	3	0	0	5	1	3	5	2	9
gene_1950	0	1	1	0	0	1	0	1	1	0	1
gene_1951	4	11	3	9	7	9	5	5	5	2	5
gene_1952	0	2	0	2	2	5	3	2	3	0	6
gene_1953	19	18	10	17	18	24	14	17	25	15	24
gene_1954	1	1	2	0	0	0	2	1	0	0	1
gene_1955	11	8	9	3	4	4	4	6	7	7	6
gene_1956	172	257	186	282	184	165	326	158	167	90	139
gene_1957	255	211	200	242	269	218	256	224	225	208	210
gene_1958	3	2	0	6	1	2	1	3	2	5	7
gene_1959	0	1	0	0	0	0	0	0	1	2	0
gene_1960	200	185	209	180	167	193	204	199	187	141	177
gene_1961	53	79	63	59	34	51	68	48	52	52	64
gene_1962	0	0	0	1	1	2	0	4	0	1	3
gene_1963	65	64	84	65	61	58	57	60	69	77	57
gene_1964	24	10	5	17	6	7	17	11	10	13	13
gene_1965	17	18	14	25	34	20	17	16	14	15	16
gene_1966	102	168	124	98	142	136	139	115	155	121	121
gene_1967	0	1	1	0	0	0	2	0	0	1	0
gene_1968	0	0	1	3	0	1	1	2	0	0	1
gene_1969	34	6	0	3	2	32	3	20	0	5	0
gene_1970	42	47	51	6	28	21	39	43	41	37	21
gene_1971	3	0	0	0	1	0	0	0	0	0	0
gene_1972	71	7	0	0	104	0	8	1	5	63	18
gene_1973	0	0	3	5	0	0	0	0	2	8	0
gene_1974	19	14	12	23	21	32	16	14	18	27	20
gene_1975	0	0	0	0	0	0	0	0	1	1	1
gene_1976	7	0	0	5	1	0	0	0	4	0	2
gene_1977	14	34	27	10	28	21	25	11	34	10	1
gene_1978	312	199	164	144	282	595	40	150	268	60	46
gene_1979	152	212	174	87	177	281	102	134	161	143	72
gene_1980	73	124	74	161	77	67	79	68	101	149	110
gene_1981	16	11	25	16	6	16	0	119	13	5	31
gene_1982	0	0	9	4	3	10	6	21	2	0	6
gene_1983	1	3	1	1	3	30	0	0	2	1	0
gene_1984	25	17	5	8	12	8	14	5	14	24	11
gene_1985	2	0	5	0	12	0	1	16	0	0	4
gene_1986	13	6	8	9	11	10	13	10	10	20	18
gene_1987	0	0	0	4	1	0	0	0	0	0	0
gene_1988	0	0	0	0	0	0	0	0	0	1	0
gene_1989	33	16	21	29	27	22	38	39	18	27	24
gene_1990	12	37	34	19	81	35	76	66	48	44	50
gene_1991	133	81	86	98	53	9	28	143	88	104	176
gene_1992	4288	6478	5190	7640	7195	7964	5635	6215	4809	4558	8101
gene_1993	22	4	31	17	13	28	4	5	18	23	37
gene_1994	0	1	0	9	10	3	3	1	0	6	6
gene_1995	0	1	4	5	3	4	6	3	2	9	1
gene_1996	2	1	1	13	0	0	0	0	0	0	1
gene_1997	28	34	32	34	18	26	20	29	28	31	50
gene_1998	20	54	25	38	21	30	18	20	15	21	29
gene_1999	13	30	16	23	26	33	15	17	23	32	20
gene_2000	9	9	11	2	5	12	20	5	13	10	5
